j	n_j
1	424712847
2	56465313
3	26670037
4	15062330
5	9527896
6	6939502
7	5723584
8	5138018
9	4856701
10	4678631
11	4551774
12	4387649
13	4149697
14	3848196
15	3495629
16	3116891
17	2720879
18	2333239
19	1974055
20	1648704
21	1361368
22	1114108
23	914489
24	746156
25	607724
26	500822
27	410230
28	339543
29	283045
30	237244
31	200503
32	171701
33	147926
34	128376
35	111960
36	96980
37	85333
38	76558
39	68821
40	61713
41	55883
42	51107
43	46971
44	43338
45	39813
46	36542
47	34192
48	31769
49	30139
50	28327
51	26919
52	25844
53	24382
54	23679
55	22818
56	21854
57	21097
58	20382
59	19859
60	19447
61	18867
62	18032
63	17807
64	17050
65	16872
66	16565
67	16019
68	15693
69	15391
70	14742
71	14058
72	13306
73	12924
74	12416
75	11992
76	11243
77	10777
78	10271
79	9857
80	9317
81	8886
82	8540
83	7969
84	7862
85	7548
86	6982
87	6512
88	6328
89	5989
90	5680
91	5401
92	5161
93	5047
94	4810
95	4789
96	4549
97	4505
98	4285
99	4304
100	4175
101	4088
102	4006
103	3903
104	3843
105	3819
106	3822
107	3785
108	3745
109	3651
110	3662
111	3552
112	3640
113	3593
114	3625
115	3632
116	3430
117	3374
118	3298
119	3443
120	3474
121	3437
122	3452
123	3339
124	3342
125	3201
126	3200
127	3240
128	3120
129	3194
130	3110
131	3153
132	3127
133	3039
134	3140
135	3089
136	3124
137	3129
138	3117
139	3041
140	2985
141	2998
142	3092
143	3045
144	3109
145	3099
146	3125
147	3084
148	3263
149	3283
150	3223
151	3259
152	3194
153	3382
154	3332
155	3242
156	3251
157	3361
158	3438
159	3394
160	3409
161	3527
162	3365
163	3532
164	3464
165	3470
166	3591
167	3622
168	3684
169	3737
170	3737
171	3804
172	3862
173	3778
174	4048
175	3999
176	4054
177	4055
178	4150
179	4096
180	4337
181	4326
182	4405
183	4313
184	4359
185	4595
186	4491
187	4678
188	4805
189	4716
190	4915
191	5028
192	5102
193	5074
194	5375
195	5421
196	5671
197	5827
198	5615
199	5801
200	5922
201	5920
202	6120
203	6255
204	6286
205	6561
206	6657
207	6801
208	6889
209	7042
210	7138
211	7292
212	7193
213	7288
214	7619
215	7672
216	7878
217	7983
218	8073
219	8244
220	8198
221	8257
222	8321
223	8461
224	8508
225	8474
226	8739
227	8635
228	8708
229	8722
230	8933
231	8892
232	8879
233	8929
234	8981
235	8802
236	9065
237	8922
238	8905
239	9036
240	9061
241	9035
242	9316
243	9238
244	9267
245	9007
246	8987
247	9159
248	8950
249	9031
250	8881
251	8969
252	8846
253	8704
254	8841
255	8931
256	9058
257	8933
258	8638
259	9002
260	8913
261	9080
262	9044
263	9002
264	9020
265	9014
266	9102
267	9102
268	9011
269	8963
270	8969
271	8899
272	8871
273	8917
274	8860
275	8892
276	8813
277	8872
278	9040
279	9172
280	8734
281	9028
282	8915
283	8980
284	8964
285	8978
286	8907
287	8866
288	8958
289	9034
290	8982
291	8965
292	9042
293	9005
294	8855
295	9056
296	8979
297	9114
298	9143
299	9068
300	9310
301	9068
302	9165
303	9179
304	9116
305	9222
306	9163
307	9195
308	9160
309	9155
310	9197
311	9279
312	9429
313	9442
314	9031
315	9218
316	9251
317	9168
318	9236
319	9233
320	9265
321	9267
322	9042
323	9050
324	8995
325	9194
326	9099
327	9026
328	9079
329	9065
330	9020
331	8998
332	8718
333	8890
334	9004
335	8919
336	8806
337	8822
338	8938
339	8864
340	8955
341	8812
342	8776
343	8770
344	8821
345	8746
346	8927
347	8957
348	8753
349	8848
350	8899
351	8867
352	8657
353	8569
354	8687
355	8533
356	8629
357	8636
358	8307
359	8405
360	8350
361	8288
362	8345
363	8238
364	8046
365	7889
366	7733
367	7556
368	7458
369	7494
370	7376
371	7342
372	7271
373	7194
374	6927
375	6878
376	6744
377	6830
378	6690
379	6401
380	6318
381	6369
382	6330
383	6105
384	5829
385	5793
386	5637
387	5680
388	5440
389	5401
390	5338
391	5027
392	4918
393	5029
394	4827
395	4779
396	4724
397	4576
398	4616
399	4321
400	4311
401	4155
402	4064
403	3951
404	3857
405	3671
406	3647
407	3628
408	3418
409	3236
410	3069
411	3072
412	3090
413	2890
414	2823
415	2571
416	2593
417	2457
418	2462
419	2424
420	2203
421	2101
422	2026
423	2057
424	1833
425	1843
426	1801
427	1706
428	1656
429	1666
430	1580
431	1519
432	1450
433	1433
434	1322
435	1315
436	1196
437	1224
438	1189
439	1079
440	1037
441	980
442	980
443	884
444	901
445	859
446	770
447	757
448	781
449	767
450	723
451	671
452	653
453	604
454	601
455	560
456	482
457	524
458	504
459	504
460	487
461	457
462	480
463	453
464	427
465	394
466	390
467	363
468	347
469	348
470	324
471	336
472	296
473	292
474	323
475	309
476	302
477	293
478	284
479	294
480	300
481	288
482	291
483	298
484	321
485	283
486	325
487	307
488	284
489	297
490	298
491	278
492	281
493	279
494	306
495	271
496	248
497	289
498	277
499	265
500	255
501	245
502	230
503	264
504	250
505	283
506	277
507	257
508	240
509	244
510	260
511	250
512	247
513	246
514	245
515	235
516	257
517	222
518	287
519	271
520	228
521	241
522	244
523	226
524	212
525	216
526	222
527	203
528	237
529	226
530	241
531	214
532	193
533	198
534	209
535	192
536	225
537	210
538	214
539	218
540	202
541	236
542	185
543	210
544	208
545	172
546	231
547	212
548	213
549	211
550	184
551	234
552	177
553	193
554	184
555	212
556	203
557	177
558	185
559	170
560	153
561	181
562	161
563	177
564	183
565	190
566	167
567	185
568	180
569	171
570	170
571	147
572	157
573	143
574	151
575	154
576	138
577	142
578	141
579	139
580	138
581	127
582	124
583	129
584	138
585	119
586	130
587	123
588	139
589	124
590	140
591	131
592	114
593	110
594	115
595	101
596	126
597	124
598	120
599	112
600	117
601	96
602	128
603	112
604	101
605	97
606	97
607	87
608	102
609	101
610	117
611	110
612	78
613	66
614	93
615	73
616	74
617	81
618	79
619	77
620	77
621	72
622	64
623	74
624	84
625	71
626	64
627	65
628	74
629	57
630	51
631	60
632	62
633	63
634	58
635	43
636	57
637	59
638	58
639	56
640	56
641	58
642	65
643	41
644	64
645	42
646	39
647	61
648	53
649	67
650	53
651	39
652	44
653	50
654	37
655	51
656	52
657	52
658	67
659	51
660	45
661	68
662	54
663	54
664	69
665	46
666	61
667	53
668	63
669	53
670	42
671	52
672	48
673	47
674	40
675	48
676	53
677	54
678	46
679	53
680	55
681	39
682	51
683	48
684	57
685	57
686	52
687	57
688	44
689	58
690	57
691	50
692	41
693	41
694	38
695	48
696	30
697	36
698	33
699	41
700	41
701	39
702	42
703	43
704	34
705	43
706	38
707	44
708	45
709	44
710	34
711	36
712	55
713	29
714	50
715	38
716	37
717	37
718	43
719	47
720	35
721	47
722	50
723	48
724	37
725	49
726	37
727	47
728	36
729	34
730	40
731	42
732	41
733	44
734	41
735	33
736	32
737	40
738	33
739	47
740	24
741	31
742	40
743	34
744	48
745	29
746	37
747	27
748	28
749	27
750	24
751	28
752	34
753	30
754	30
755	25
756	12
757	24
758	12
759	17
760	16
761	12
762	27
763	19
764	23
765	20
766	27
767	23
768	21
769	12
770	23
771	20
772	19
773	11
774	20
775	16
776	22
777	19
778	18
779	11
780	18
781	14
782	11
783	20
784	12
785	13
786	15
787	10
788	13
789	11
790	12
791	17
792	16
793	11
794	10
795	15
796	17
797	17
798	14
799	10
800	18
801	16
802	9
803	8
804	12
805	7
806	12
807	6
808	12
809	10
810	7
811	13
812	8
813	8
814	7
815	9
816	12
817	11
818	10
819	11
820	7
821	10
822	10
823	9
824	12
825	5
826	5
827	10
828	17
829	9
830	8
831	9
832	10
833	9
834	9
835	14
836	10
837	8
838	8
839	9
840	17
841	9
842	14
843	13
844	12
845	11
846	11
847	12
848	11
849	10
850	8
851	11
852	9
853	12
854	6
855	11
856	9
857	9
858	11
859	9
860	13
861	7
862	10
863	8
864	8
865	6
866	6
867	10
868	5
869	8
870	8
871	6
872	3
873	9
874	7
875	6
876	8
877	7
878	6
879	11
880	6
881	8
882	4
883	5
884	2
885	6
886	11
887	9
888	5
889	4
890	6
891	5
892	7
893	7
894	7
895	7
896	5
897	10
898	10
899	8
900	12
901	4
902	15
903	5
904	7
905	12
906	10
907	11
908	6
909	6
910	7
911	3
912	9
913	9
914	10
915	11
916	9
917	8
918	12
919	6
920	11
921	9
922	10
923	9
924	10
925	6
926	3
927	8
928	7
929	8
930	5
931	6
932	6
933	14
934	8
935	9
936	11
937	3
938	3
939	5
940	6
941	8
942	5
943	4
944	6
945	3
946	3
947	2
948	4
949	7
950	4
951	3
952	5
953	4
954	4
955	7
956	2
957	5
958	4
959	2
960	6
961	8
962	1
963	6
964	3
965	3
966	1
967	3
968	2
969	6
970	4
971	3
972	4
973	7
974	1
975	7
976	5
977	10
978	3
979	6
980	8
981	7
982	7
983	4
984	3
985	4
986	4
987	7
988	2
989	3
990	3
991	4
992	2
993	6
994	6
995	5
996	9
997	9
998	4
999	3
1001	3
1002	4
1003	3
1004	6
1005	5
1006	2
1007	6
1008	5
1009	4
1010	3
1011	5
1013	2
1014	1
1015	2
1016	4
1017	7
1018	4
1019	4
1020	5
1021	2
1022	2
1023	5
1024	5
1025	2
1026	2
1027	3
1028	2
1029	1
1030	3
1031	3
1032	3
1033	3
1034	4
1035	2
1036	2
1037	1
1038	1
1039	7
1040	1
1041	2
1042	4
1043	4
1044	3
1045	1
1046	7
1047	3
1048	3
1049	3
1050	5
1051	5
1052	2
1053	1
1054	7
1055	4
1056	5
1057	3
1058	2
1059	6
1060	3
1061	2
1062	3
1063	2
1064	3
1065	3
1066	2
1067	5
1068	4
1069	3
1070	4
1071	3
1072	5
1073	2
1074	5
1075	3
1076	3
1077	3
1078	5
1079	3
1080	2
1081	3
1082	5
1083	2
1085	6
1086	5
1087	1
1088	3
1089	5
1090	6
1091	3
1092	1
1093	2
1094	8
1095	2
1096	6
1097	2
1098	3
1099	8
1100	6
1101	2
1102	2
1103	2
1104	5
1105	2
1106	3
1107	2
1108	1
1110	1
1111	1
1112	5
1113	4
1114	4
1115	3
1116	3
1117	2
1118	5
1119	5
1121	4
1122	2
1123	3
1124	2
1125	5
1126	4
1127	2
1128	6
1129	3
1130	3
1131	5
1132	2
1133	4
1134	1
1135	2
1136	3
1137	6
1138	1
1139	6
1140	4
1141	5
1142	6
1143	3
1145	3
1146	4
1147	6
1148	4
1149	6
1150	2
1151	3
1152	3
1153	4
1154	4
1155	2
1156	3
1157	2
1158	2
1159	4
1160	3
1161	6
1162	2
1163	3
1164	5
1165	2
1166	4
1167	2
1168	1
1169	7
1170	4
1171	3
1172	3
1173	5
1174	2
1175	4
1176	1
1177	4
1178	5
1179	3
1180	1
1181	2
1182	3
1183	1
1184	4
1185	4
1186	2
1187	4
1188	5
1189	1
1190	2
1191	2
1192	4
1193	6
1194	3
1195	5
1196	1
1197	1
1198	2
1199	2
1200	4
1201	4
1203	2
1204	2
1205	3
1206	6
1207	3
1208	1
1209	1
1210	3
1211	5
1212	1
1213	2
1215	6
1216	4
1217	3
1218	4
1220	1
1221	5
1222	4
1223	3
1224	1
1225	3
1226	2
1228	3
1229	4
1230	4
1231	3
1232	2
1233	1
1234	2
1235	2
1236	2
1237	3
1238	2
1240	2
1241	3
1242	2
1243	2
1244	3
1245	2
1246	3
1247	2
1248	6
1250	1
1251	2
1252	4
1253	1
1254	2
1255	3
1256	3
1257	1
1258	2
1259	2
1260	3
1261	3
1262	1
1263	5
1265	1
1266	5
1268	3
1269	5
1270	1
1271	2
1272	1
1273	3
1274	3
1275	2
1276	1
1278	1
1279	1
1280	1
1281	1
1282	3
1283	1
1284	1
1285	1
1286	3
1287	4
1290	4
1291	3
1293	1
1295	1
1297	1
1298	3
1299	1
1300	1
1301	1
1302	5
1303	4
1304	2
1305	6
1306	4
1307	1
1308	2
1309	2
1311	2
1312	1
1313	4
1314	2
1315	3
1316	2
1317	1
1318	5
1320	3
1321	1
1323	1
1324	1
1326	2
1327	1
1328	3
1329	1
1330	5
1331	3
1333	5
1334	1
1335	2
1336	2
1337	2
1338	1
1339	1
1340	1
1342	2
1343	4
1344	1
1346	2
1347	1
1348	1
1349	1
1350	3
1351	3
1352	1
1355	6
1356	2
1357	2
1359	2
1361	1
1362	1
1363	5
1364	1
1366	2
1368	1
1369	1
1371	2
1372	2
1373	2
1374	2
1375	1
1376	2
1377	3
1378	2
1379	3
1380	1
1381	3
1382	3
1385	2
1386	3
1387	1
1388	1
1389	2
1390	3
1391	2
1392	1
1394	4
1395	2
1396	1
1397	2
1399	1
1400	2
1402	1
1403	2
1404	1
1405	1
1407	1
1408	4
1410	2
1412	1
1413	1
1414	1
1415	1
1417	3
1418	2
1419	2
1420	2
1423	6
1425	4
1426	1
1429	3
1430	3
1432	3
1433	2
1435	1
1436	3
1437	2
1438	3
1439	3
1440	2
1441	5
1442	2
1443	4
1444	2
1445	2
1446	1
1447	1
1448	1
1449	5
1450	3
1451	1
1452	1
1453	1
1454	2
1456	4
1457	2
1458	4
1459	4
1460	4
1461	5
1462	2
1464	2
1465	5
1466	4
1467	2
1468	4
1469	2
1470	3
1472	1
1473	2
1474	2
1475	2
1476	2
1478	2
1479	2
1480	2
1481	1
1482	2
1483	5
1484	4
1485	2
1486	2
1487	1
1488	1
1489	3
1491	1
1492	5
1494	2
1495	2
1496	1
1498	1
1499	4
1500	2
1501	1
1502	3
1503	1
1504	1
1505	1
1506	2
1508	3
1510	1
1511	3
1512	1
1515	3
1516	2
1517	1
1519	2
1520	1
1521	5
1523	1
1524	3
1525	1
1527	2
1528	1
1529	3
1531	2
1532	1
1533	2
1534	1
1536	1
1537	4
1538	3
1540	4
1541	2
1542	1
1543	1
1544	2
1545	1
1546	1
1548	5
1549	3
1550	3
1551	2
1553	2
1554	1
1555	1
1556	2
1557	2
1559	2
1560	1
1561	3
1562	2
1563	3
1564	2
1565	1
1566	3
1568	1
1569	2
1570	3
1571	1
1573	2
1575	1
1576	3
1577	1
1579	3
1580	2
1581	3
1582	3
1583	4
1584	2
1585	3
1586	2
1588	1
1589	1
1590	4
1591	2
1592	1
1593	5
1594	1
1595	3
1596	3
1597	4
1598	7
1600	5
1602	6
1603	2
1604	4
1607	1
1608	4
1609	3
1610	2
1612	3
1613	3
1614	1
1615	1
1616	1
1619	4
1624	3
1625	2
1626	1
1627	2
1630	1
1632	3
1634	4
1635	2
1637	1
1638	2
1639	3
1640	1
1641	1
1644	2
1645	3
1646	2
1647	1
1648	3
1649	1
1651	2
1652	1
1653	1
1654	4
1655	2
1656	2
1658	2
1659	3
1660	2
1661	3
1662	1
1663	2
1665	2
1666	1
1668	2
1669	3
1673	1
1674	2
1675	1
1677	1
1678	1
1679	1
1680	1
1682	1
1683	1
1684	3
1685	2
1686	2
1687	3
1688	3
1689	3
1690	1
1691	2
1692	2
1694	1
1698	1
1699	1
1700	1
1701	2
1703	1
1704	1
1705	2
1706	3
1707	1
1712	1
1715	3
1716	3
1717	1
1718	1
1723	1
1725	1
1727	1
1728	1
1730	1
1736	1
1740	1
1744	1
1745	1
1751	1
1752	1
1755	1
1756	2
1757	1
1758	1
1760	1
1761	1
1763	1
1769	1
1772	1
1775	1
1777	3
1779	1
1780	1
1782	1
1784	2
1786	1
1787	1
1788	1
1790	1
1792	1
1798	3
1800	1
1804	2
1806	1
1813	1
1818	1
1820	3
1821	2
1826	1
1827	4
1829	1
1837	1
1839	1
1840	2
1843	1
1845	2
1847	3
1848	2
1849	1
1850	1
1852	4
1853	1
1854	2
1855	1
1857	2
1858	1
1861	2
1862	3
1863	1
1864	2
1866	1
1867	3
1870	1
1871	4
1872	1
1877	5
1878	2
1879	2
1880	1
1881	1
1882	1
1883	1
1884	1
1885	4
1887	3
1888	1
1889	1
1890	3
1891	2
1892	2
1893	1
1894	1
1895	1
1897	1
1898	2
1904	1
1906	3
1907	1
1908	2
1909	2
1910	1
1911	2
1912	2
1914	2
1916	1
1917	1
1918	2
1919	2
1920	4
1921	1
1922	3
1924	1
1925	2
1926	2
1927	1
1928	1
1929	1
1932	1
1933	2
1935	1
1937	1
1938	2
1939	2
1941	1
1942	1
1943	1
1945	1
1946	5
1947	2
1948	2
1950	1
1951	1
1952	1
1956	2
1958	2
1959	2
1960	2
1961	1
1963	2
1964	1
1965	2
1966	1
1967	1
1968	1
1970	1
1971	1
1975	1
1976	1
1979	1
1980	2
1981	3
1982	2
1992	3
1994	3
1995	1
1996	1
1997	1
2002	1
2005	1
2008	2
2012	1
2018	1
2021	1
2022	1
2024	1
2026	1
2027	1
2031	1
2034	1
2035	1
2036	2
2038	1
2039	1
2041	1
2046	2
2047	1
2049	1
2053	1
2059	2
2064	1
2073	1
2075	2
2079	1
2080	2
2082	2
2083	2
2085	1
2086	4
2088	4
2091	1
2096	1
2098	1
2099	2
2100	1
2101	1
2104	1
2105	1
2108	2
2112	1
2113	2
2116	2
2117	1
2119	3
2120	1
2121	1
2122	2
2123	2
2125	1
2126	2
2127	1
2129	1
2131	1
2135	2
2141	1
2143	1
2148	1
2152	1
2159	1
2169	1
2172	1
2173	1
2181	1
2185	1
2189	1
2190	1
2193	1
2194	1
2205	1
2206	1
2213	1
2215	1
2223	1
2228	1
2232	1
2235	1
2237	1
2238	1
2242	1
2249	1
2263	1
2265	1
2267	1
2268	1
2273	1
2274	1
2277	1
2279	1
2285	1
2286	1
2291	1
2298	1
2307	1
2311	1
2313	2
2321	1
2332	1
2336	1
2340	1
2343	1
2352	1
2361	1
2362	1
2364	1
2375	1
2380	1
2389	1
2390	2
2391	1
2400	1
2412	2
2414	1
2415	1
2419	1
2420	1
2421	2
2424	1
2430	1
2439	1
2443	1
2459	1
2461	1
2464	2
2470	1
2473	1
2476	1
2480	1
2490	1
2491	1
2498	1
2502	1
2504	2
2510	1
2515	1
2522	1
2532	1
2533	1
2535	1
2537	2
2543	1
2544	1
2554	1
2555	1
2561	1
2563	1
2566	1
2567	1
2571	1
2573	1
2580	1
2583	1
2586	1
2590	1
2595	1
2599	1
2601	1
2609	2
2614	1
2616	1
2623	1
2625	1
2627	1
2628	1
2632	1
2633	1
2635	1
2638	1
2640	1
2644	1
2649	1
2650	2
2652	1
2653	2
2654	1
2656	1
2657	1
2659	1
2661	2
2664	1
2666	1
2667	1
2673	2
2675	1
2677	2
2678	1
2679	1
2680	1
2683	2
2688	1
2692	1
2696	1
2699	2
2701	1
2704	1
2705	1
2707	1
2709	1
2710	1
2711	1
2713	1
2718	1
2720	1
2743	1
2746	1
2754	1
2761	1
2763	1
2764	1
2765	1
2767	1
2769	1
2771	1
2773	2
2775	1
2776	1
2781	3
2783	1
2786	1
2788	1
2790	1
2793	1
2802	1
2805	1
2806	1
2808	1
2815	2
2817	1
2824	1
2827	1
2833	1
2834	1
2836	1
2838	1
2842	1
2846	1
2847	1
2850	1
2851	1
2853	1
2854	1
2856	1
2857	1
2860	1
2863	1
2865	1
2866	1
2868	1
2869	1
2872	1
2873	2
2875	1
2877	1
2881	1
2888	1
2892	1
2893	1
2894	1
2895	1
2900	1
2902	1
2912	1
2914	1
2916	1
2918	1
2923	1
2927	1
2929	1
2930	1
2932	1
2935	1
2941	1
2944	2
2946	2
2955	1
2968	1
2969	2
2972	1
2980	1
2982	1
2984	1
2987	2
2988	2
2989	1
2992	2
2998	1
3000	1
3002	1
3003	1
3005	1
3009	2
3048	1
3052	1
3056	1
3058	1
3066	3
3069	1
3074	1
3075	2
3076	1
3085	1
3088	1
3089	1
3091	3
3098	2
3100	1
3101	1
3104	1
3105	1
3106	1
3107	1
3111	1
3114	1
3116	1
3117	2
3118	1
3119	1
3121	1
3122	1
3123	2
3126	1
3127	2
3129	1
3130	1
3134	2
3135	1
3136	1
3139	1
3140	1
3141	1
3142	1
3143	1
3144	1
3150	1
3153	1
3155	1
3157	1
3158	1
3162	1
3164	2
3165	1
3168	1
3171	1
3173	1
3175	1
3181	1
3182	1
3183	1
3188	1
3189	1
3195	1
3202	2
3206	1
3207	1
3217	1
3226	1
3229	1
3245	1
3252	1
3253	1
3258	1
3259	1
3260	1
3261	1
3270	1
3271	2
3281	1
3298	1
3313	1
3314	1
3326	1
3331	1
3337	1
3352	1
3354	1
3358	1
3359	2
3360	1
3365	1
3368	1
3372	2
3381	1
3382	1
3383	1
3384	2
3385	1
3386	1
3388	1
3394	1
3395	1
3398	1
3400	1
3401	2
3405	1
3411	1
3412	1
3418	1
3423	2
3424	1
3430	2
3433	1
3434	1
3441	1
3448	1
3450	1
3453	1
3454	1
3456	1
3458	2
3462	1
3465	1
3468	2
3469	1
3470	1
3473	2
3475	2
3478	1
3480	1
3482	1
3485	1
3487	1
3491	1
3494	1
3496	2
3498	1
3499	1
3500	1
3503	1
3504	2
3505	1
3509	1
3512	1
3514	1
3517	2
3519	1
3521	1
3525	1
3531	1
3535	1
3536	2
3539	1
3541	2
3550	2
3551	1
3556	1
3557	1
3568	1
3573	1
3580	1
3595	1
3609	1
3622	1
3630	1
3632	1
3642	1
3667	1
3679	1
3732	1
3734	1
3756	1
3761	1
3762	1
3763	1
3767	1
3771	1
3779	2
3786	1
3791	3
3793	1
3805	1
3812	1
3816	1
3825	1
3835	1
3851	1
3859	1
3860	1
3880	1
3890	1
3906	2
3928	1
3934	1
3959	1
3969	1
3991	1
4000	1
4015	1
4048	1
4050	1
4056	1
4057	1
4066	1
4088	1
4099	1
4101	1
4108	1
4114	1
4118	1
4119	2
4127	1
4131	1
4145	1
4146	1
4149	1
4151	1
4156	1
4206	1
4216	1
4223	1
4243	1
4246	1
4252	1
4257	1
4258	1
4266	1
4267	1
4271	1
4272	1
4274	1
4276	1
4291	1
4300	1
4305	1
4320	1
4332	1
4391	1
4410	1
4412	1
4417	1
4432	1
4448	1
4464	1
4479	1
4503	1
4506	1
4521	1
4546	1
4584	1
4605	1
4618	1
4641	1
4657	1
4660	1
4686	1
4695	2
4729	1
4770	1
4801	1
4804	1
4816	1
4821	2
4904	1
4935	1
4963	1
5008	1
5009	1
5013	1
5015	1
5038	1
5143	1
5156	1
5157	1
5166	1
5234	1
5263	1
5337	1
5357	1
5466	1
5489	1
5537	1
5596	1
5600	1
5605	1
5687	1
5695	1
5706	1
5727	1
5780	1
5793	1
5827	1
5850	1
5880	1
5918	1
5919	1
6028	1
6059	1
6073	1
6076	1
6091	1
6152	1
6189	1
6194	1
6213	1
6225	1
6337	1
6345	1
6359	1
6395	1
6423	1
6427	1
6436	1
6445	1
6473	1
6504	1
6578	1
6584	1
6589	1
6629	1
6662	1
6679	1
6737	1
6763	1
6843	1
6894	1
6935	1
7005	1
7035	1
7146	1
7284	1
7289	1
7351	1
7373	1
7414	1
7471	1
7495	1
7514	1
7525	1
7547	1
7649	1
7659	1
7688	1
7721	1
7795	1
7803	1
7815	1
7889	1
7892	1
7934	1
7985	1
8063	1
8080	1
8145	1
8173	1
8255	1
8278	1
8313	1
8396	1
8513	1
8525	1
8581	1
8922	1
8996	1
9018	1
9026	1
9098	1
9211	1
9354	1
9389	1
9412	1
9479	1
9996	1
10039	1
10082	1
10163	1
10167	1
10177	1
10293	1
10446	1
10561	1
10580	1
10654	1
10889	1
10892	1
10947	1
11315	1
11345	1
11360	1
11371	1
11554	1
11731	1
11793	1
11883	1
12316	1
12401	1
12588	1
12664	1
12724	1
12791	1
13139	1
13240	1
13319	1
13376	1
13704	1
13708	1
13732	1
13797	1
13813	1
13818	1
13992	1
14062	1
14101	1
14202	1
14266	1
14634	1
15047	1
15403	1
15537	1
15587	1
15594	1
16160	1
16326	1
16430	1
16512	1
16719	1
16979	1
17110	1
17153	1
17217	1
17241	1
17318	1
17626	1
17972	1
18637	1
18796	1
18875	1
19899	1
20403	1
21258	1
21466	1
21960	1
22278	1
22727	1
23589	1
24174	1
24905	1
25346	1
26688	1
26988	1
28280	1
28585	1
28800	1
29579	1
30191	1
30890	1
31111	1
32539	1
35365	1
35671	1
35828	1
35845	1
35981	1
36029	1
36358	1
36528	1
36722	1
36809	1
36844	1
36846	1
37121	1
37247	1
37622	1
37679	1
37976	1
39164	1
39922	1
40195	1
40901	1
41597	1
43928	1
46208	1
49750	1
50720	1
51012	1
51665	1
51786	1
55738	1
56805	1
60484	1
63907	1
67330	1
67726	1
73533	1
73661	1
76400	1
78946	1
79076	1
82265	1
84554	1
90371	1
94591	1
100277	1
103924	1
108163	1
110103	1
116632	1
120027	1
128145	1
134372	1
143264	1
147019	1
155837	1
157757	1
166966	1
177541	1
178419	1
184352	1
195316	1
196499	1
205614	1
210336	1
219614	1
422777	1
479143	1
513898	1
542083	1
571936	1
601392	1
633540	1
639039	1
665516	1
