j n_j
1 217316308
2 194033436
3 174977272
4 158585860
5 143851422
6 130564702
7 118838155
8 108431842
9 99122361
10 90816886
11 83307276
12 76574027
13 70477751
14 65011632
15 60019490
16 55504508
17 51388584
18 47653815
19 44254027
20 41120161
21 38269245
22 35686356
23 33304638
24 31123253
25 29116582
26 27247302
27 25506126
28 23933579
29 22465383
30 21087017
31 19817877
32 18660202
33 17578867
34 16566018
35 15635312
36 14733426
37 13927015
38 13157905
39 12437272
40 11774470
41 11154252
42 10568572
43 10030749
44 9519158
45 9031744
46 8570853
47 8142368
48 7751733
49 7368529
50 7013721
51 6688544
52 6375000
53 6070677
54 5785153
55 5518322
56 5275325
57 5036121
58 4811340
59 4599904
60 4400633
61 4209325
62 4026846
63 3854183
64 3688773
65 3532887
66 3389216
67 3248290
68 3109099
69 2976275
70 2852030
71 2738815
72 2626290
73 2519769
74 2419216
75 2318090
76 2225147
77 2134069
78 2050681
79 1969998
80 1889941
81 1818466
82 1748061
83 1680286
84 1615997
85 1552825
86 1490839
87 1434338
88 1379738
89 1331528
90 1283121
91 1235106
92 1187279
93 1145415
94 1103031
95 1062705
96 1022763
97 986603
98 950995
99 917170
100 883986
101 851922
102 820555
103 791590
104 762461
105 735232
106 707990
107 685305
108 661830
109 638140
110 616194
111 596384
112 575817
113 557009
114 537448
115 522026
116 502542
117 485322
118 469081
119 453218
120 436882
121 422157
122 408096
123 396402
124 383000
125 371699
126 358798
127 347744
128 337072
129 324939
130 313845
131 304209
132 294364
133 284998
134 275187
135 266935
136 258299
137 248524
138 242776
139 233431
140 226804
141 220553
142 213552
143 205803
144 199616
145 193879
146 188584
147 182076
148 177261
149 171800
150 166358
151 161128
152 156840
153 152277
154 147027
155 142780
156 138803
157 134612
158 129596
159 126380
160 122827
161 120235
162 115542
163 112404
164 108186
165 105170
166 102734
167 98613
168 96071
169 93136
170 90634
171 88455
172 86271
173 83502
174 81367
175 78330
176 76365
177 73855
178 71756
179 69613
180 67871
181 66055
182 64185
183 62396
184 60777
185 59156
186 57669
187 55909
188 54234
189 52822
190 51083
191 49563
192 48280
193 46935
194 45456
195 44249
196 43672
197 42614
198 40893
199 40370
200 38862
201 38056
202 36979
203 36163
204 35503
205 34581
206 33495
207 33167
208 31975
209 31276
210 30521
211 29692
212 29091
213 28405
214 27818
215 26819
216 26808
217 25780
218 25592
219 24919
220 24129
221 23609
222 23193
223 22720
224 21922
225 21591
226 20736
227 20332
228 20093
229 19446
230 19268
231 18521
232 18363
233 18264
234 17200
235 17101
236 17061
237 16219
238 15936
239 15563
240 14836
241 14852
242 14641
243 14231
244 14416
245 13903
246 13498
247 13160
248 12816
249 12825
250 12322
251 12391
252 12044
253 11695
254 11341
255 11572
256 11223
257 10860
258 10838
259 10419
260 10228
261 10028
262 9540
263 9488
264 9157
265 9147
266 9071
267 8906
268 8671
269 8586
270 8526
271 8323
272 8078
273 8107
274 7961
275 7972
276 7850
277 7565
278 7630
279 7313
280 7301
281 7116
282 7099
283 6908
284 6819
285 6629
286 6723
287 6299
288 6313
289 6277
290 6105
291 6096
292 5755
293 5862
294 5675
295 5539
296 5417
297 5229
298 5300
299 5273
300 5162
301 5164
302 4850
303 4823
304 4762
305 4750
306 4596
307 4616
308 4597
309 4492
310 4308
311 4359
312 4133
313 4200
314 4092
315 4069
316 3977
317 3958
318 3904
319 3897
320 3785
321 3899
322 3759
323 3790
324 3906
325 3625
326 3595
327 3490
328 3405
329 3361
330 3344
331 3333
332 3225
333 3241
334 3274
335 3183
336 3124
337 3021
338 2991
339 2885
340 2969
341 2813
342 2916
343 2828
344 2840
345 2791
346 2798
347 2837
348 2823
349 2726
350 2671
351 2612
352 2604
353 2564
354 2627
355 2534
356 2478
357 2652
358 2550
359 2520
360 2497
361 2320
362 2410
363 2397
364 2369
365 2319
366 2408
367 2362
368 2341
369 2261
370 2270
371 2237
372 2299
373 2249
374 2235
375 2215
376 2126
377 2220
378 2054
379 2054
380 2065
381 2035
382 2018
383 1991
384 2026
385 2006
386 2018
387 2074
388 1973
389 1857
390 1745
391 1772
392 1760
393 1834
394 1796
395 1774
396 1828
397 1686
398 1675
399 1724
400 1734
401 1675
402 1681
403 1696
404 1678
405 1676
406 1593
407 1615
408 1553
409 1585
410 1600
411 1521
412 1482
413 1540
414 1483
415 1399
416 1455
417 1460
418 1432
419 1372
420 1414
421 1333
422 1337
423 1397
424 1330
425 1350
426 1399
427 1295
428 1345
429 1284
430 1230
431 1257
432 1271
433 1314
434 1258
435 1304
436 1271
437 1321
438 1244
439 1275
440 1203
441 1178
442 1184
443 1283
444 1195
445 1213
446 1087
447 1184
448 1129
449 1154
450 1179
451 1164
452 1141
453 1158
454 1207
455 1070
456 1040
457 1188
458 1203
459 1158
460 1154
461 1176
462 1123
463 1064
464 1099
465 1146
466 1049
467 1121
468 1141
469 1038
470 1084
471 1014
472 1088
473 1037
474 1055
475 1009
476 999
477 1038
478 1046
479 958
480 984
481 985
482 964
483 1044
484 991
485 1049
486 1007
487 949
488 961
489 955
490 942
491 926
492 904
493 930
494 953
495 897
496 901
497 863
498 967
499 912
500 875
501 914
502 872
503 885
504 950
505 950
506 928
507 905
508 869
509 873
510 922
511 871
512 827
513 860
514 834
515 771
516 781
517 843
518 826
519 813
520 828
521 823
522 791
523 736
524 752
525 780
526 773
527 781
528 753
529 781
530 767
531 802
532 723
533 772
534 786
535 729
536 749
537 741
538 662
539 753
540 689
541 760
542 687
543 743
544 741
545 693
546 662
547 755
548 741
549 711
550 697
551 687
552 727
553 736
554 681
555 739
556 686
557 737
558 679
559 683
560 645
561 671
562 649
563 602
564 644
565 694
566 691
567 665
568 628
569 612
570 672
571 608
572 628
573 578
574 576
575 642
576 619
577 592
578 585
579 610
580 594
581 660
582 586
583 598
584 571
585 626
586 622
587 619
588 601
589 598
590 577
591 631
592 567
593 636
594 586
595 629
596 623
597 556
598 583
599 606
600 574
601 587
602 559
603 570
604 587
605 601
606 591
607 592
608 646
609 593
610 521
611 531
612 583
613 547
614 587
615 582
616 608
617 630
618 554
619 609
620 565
621 554
622 506
623 554
624 556
625 536
626 560
627 558
628 542
629 528
630 551
631 522
632 497
633 539
634 531
635 504
636 494
637 533
638 535
639 479
640 527
641 525
642 484
643 529
644 497
645 495
646 524
647 486
648 467
649 494
650 461
651 454
652 490
653 461
654 501
655 466
656 497
657 469
658 449
659 484
660 473
661 462
662 462
663 436
664 428
665 484
666 456
667 448
668 468
669 475
670 476
671 492
672 481
673 479
674 458
675 482
676 470
677 485
678 467
679 436
680 421
681 468
682 470
683 484
684 481
685 455
686 424
687 486
688 451
689 458
690 489
691 457
692 411
693 422
694 452
695 418
696 406
697 449
698 427
699 411
700 411
701 475
702 414
703 411
704 416
705 432
706 447
707 451
708 392
709 448
710 441
711 408
712 418
713 420
714 432
715 459
716 432
717 439
718 443
719 434
720 463
721 430
722 443
723 429
724 403
725 447
726 468
727 414
728 399
729 421
730 443
731 404
732 433
733 434
734 436
735 387
736 416
737 470
738 421
739 407
740 404
741 428
742 455
743 389
744 455
745 444
746 419
747 428
748 388
749 382
750 423
751 376
752 374
753 407
754 405
755 413
756 403
757 412
758 404
759 399
760 377
761 383
762 379
763 373
764 380
765 386
766 351
767 359
768 338
769 343
770 344
771 417
772 355
773 360
774 375
775 355
776 354
777 335
778 379
779 368
780 376
781 381
782 359
783 343
784 336
785 344
786 351
787 374
788 390
789 333
790 388
791 346
792 348
793 359
794 352
795 334
796 344
797 361
798 366
799 345
800 369
801 368
802 362
803 363
804 349
805 334
806 359
807 333
808 359
809 358
810 370
811 380
812 350
813 407
814 353
815 350
816 362
817 342
818 332
819 363
820 361
821 344
822 352
823 365
824 344
825 352
826 318
827 351
828 366
829 349
830 382
831 348
832 335
833 344
834 354
835 335
836 335
837 333
838 387
839 368
840 382
841 362
842 376
843 347
844 391
845 377
846 363
847 312
848 399
849 356
850 326
851 328
852 337
853 349
854 336
855 360
856 303
857 350
858 346
859 326
860 313
861 321
862 344
863 315
864 339
865 359
866 358
867 319
868 299
869 347
870 348
871 307
872 323
873 313
874 321
875 291
876 336
877 348
878 331
879 332
880 341
881 346
882 342
883 361
884 344
885 308
886 309
887 309
888 303
889 336
890 324
891 321
892 330
893 340
894 310
895 335
896 335
897 328
898 307
899 304
900 287
901 324
902 329
903 307
904 293
905 288
906 305
907 294
908 276
909 273
910 311
911 297
912 294
913 294
914 303
915 286
916 267
917 316
918 294
919 322
920 283
921 269
922 281
923 291
924 296
925 282
926 284
927 282
928 270
929 269
930 283
931 327
932 337
933 261
934 272
935 284
936 271
937 276
938 275
939 256
940 299
941 276
942 257
943 284
944 271
945 275
946 258
947 261
948 247
949 285
950 261
951 292
952 270
953 277
954 271
955 262
956 275
957 269
958 258
959 277
960 264
961 258
962 269
963 284
964 276
965 270
966 239
967 248
968 256
969 239
970 261
971 257
972 251
973 261
974 245
975 239
976 241
977 264
978 268
979 241
980 264
981 258
982 262
983 272
984 269
985 247
986 247
987 265
988 220
989 249
990 239
991 214
992 257
993 260
994 252
995 262
996 266
997 240
998 240
999 243
1000 293
1001 224
1002 253
1003 251
1004 245
1005 207
1006 246
1007 244
1008 249
1009 222
1010 218
1011 208
1012 237
1013 261
1014 240
1015 246
1016 235
1017 230
1018 235
1019 221
1020 252
1021 233
1022 257
1023 248
1024 237
1025 234
1026 242
1027 273
1028 261
1029 259
1030 243
1031 260
1032 216
1033 248
1034 229
1035 218
1036 252
1037 239
1038 225
1039 217
1040 228
1041 218
1042 224
1043 211
1044 213
1045 247
1046 223
1047 218
1048 241
1049 251
1050 231
1051 216
1052 219
1053 268
1054 233
1055 208
1056 230
1057 241
1058 207
1059 217
1060 211
1061 173
1062 200
1063 231
1064 232
1065 234
1066 245
1067 217
1068 223
1069 228
1070 199
1071 225
1072 207
1073 247
1074 205
1075 236
1076 250
1077 226
1078 187
1079 207
1080 197
1081 193
1082 215
1083 191
1084 228
1085 219
1086 225
1087 202
1088 193
1089 235
1090 245
1091 231
1092 234
1093 232
1094 251
1095 210
1096 212
1097 233
1098 236
1099 218
1100 187
1101 229
1102 211
1103 235
1104 211
1105 206
1106 210
1107 214
1108 251
1109 183
1110 219
1111 201
1112 223
1113 215
1114 219
1115 240
1116 201
1117 231
1118 249
1119 208
1120 202
1121 183
1122 183
1123 202
1124 233
1125 218
1126 220
1127 231
1128 228
1129 245
1130 193
1131 244
1132 243
1133 206
1134 234
1135 204
1136 256
1137 209
1138 220
1139 241
1140 218
1141 228
1142 264
1143 225
1144 220
1145 220
1146 209
1147 200
1148 215
1149 231
1150 219
1151 218
1152 198
1153 211
1154 211
1155 185
1156 224
1157 194
1158 226
1159 216
1160 191
1161 189
1162 197
1163 156
1164 195
1165 202
1166 188
1167 205
1168 200
1169 190
1170 206
1171 204
1172 212
1173 216
1174 216
1175 226
1176 209
1177 203
1178 221
1179 235
1180 209
1181 223
1182 186
1183 194
1184 176
1185 190
1186 219
1187 187
1188 192
1189 205
1190 196
1191 197
1192 208
1193 193
1194 219
1195 208
1196 197
1197 210
1198 173
1199 190
1200 203
1201 218
1202 185
1203 180
1204 176
1205 200
1206 172
1207 193
1208 200
1209 190
1210 184
1211 206
1212 184
1213 199
1214 180
1215 177
1216 177
1217 174
1218 197
1219 176
1220 171
1221 184
1222 164
1223 164
1224 173
1225 161
1226 171
1227 201
1228 155
1229 186
1230 193
1231 179
1232 164
1233 180
1234 178
1235 164
1236 181
1237 161
1238 166
1239 184
1240 173
1241 168
1242 156
1243 169
1244 173
1245 193
1246 174
1247 179
1248 179
1249 182
1250 185
1251 158
1252 177
1253 185
1254 185
1255 187
1256 186
1257 169
1258 189
1259 187
1260 203
1261 171
1262 178
1263 166
1264 177
1265 178
1266 170
1267 169
1268 155
1269 175
1270 173
1271 166
1272 200
1273 168
1274 196
1275 190
1276 193
1277 159
1278 157
1279 156
1280 174
1281 187
1282 164
1283 176
1284 166
1285 161
1286 173
1287 163
1288 174
1289 146
1290 181
1291 157
1292 168
1293 165
1294 194
1295 156
1296 178
1297 196
1298 160
1299 183
1300 199
1301 161
1302 157
1303 183
1304 181
1305 171
1306 164
1307 179
1308 179
1309 150
1310 164
1311 159
1312 151
1313 176
1314 150
1315 180
1316 165
1317 180
1318 178
1319 156
1320 150
1321 162
1322 154
1323 180
1324 186
1325 183
1326 174
1327 187
1328 173
1329 145
1330 185
1331 158
1332 154
1333 172
1334 164
1335 189
1336 141
1337 155
1338 171
1339 152
1340 176
1341 157
1342 156
1343 183
1344 186
1345 151
1346 167
1347 165
1348 173
1349 164
1350 160
1351 157
1352 168
1353 147
1354 155
1355 174
1356 148
1357 172
1358 168
1359 151
1360 172
1361 179
1362 158
1363 155
1364 165
1365 156
1366 159
1367 161
1368 170
1369 188
1370 152
1371 171
1372 173
1373 157
1374 139
1375 170
1376 165
1377 162
1378 152
1379 161
1380 149
1381 125
1382 164
1383 147
1384 159
1385 162
1386 147
1387 153
1388 147
1389 140
1390 156
1391 143
1392 158
1393 136
1394 147
1395 146
1396 172
1397 149
1398 149
1399 151
1400 163
1401 166
1402 148
1403 141
1404 147
1405 130
1406 127
1407 124
1408 155
1409 131
1410 157
1411 149
1412 146
1413 156
1414 156
1415 150
1416 136
1417 147
1418 143
1419 140
1420 121
1421 163
1422 161
1423 140
1424 152
1425 161
1426 138
1427 142
1428 150
1429 125
1430 154
1431 151
1432 145
1433 145
1434 152
1435 156
1436 150
1437 156
1438 128
1439 141
1440 155
1441 130
1442 148
1443 137
1444 141
1445 139
1446 149
1447 131
1448 158
1449 169
1450 158
1451 140
1452 126
1453 127
1454 145
1455 143
1456 121
1457 165
1458 130
1459 151
1460 169
1461 138
1462 147
1463 150
1464 122
1465 152
1466 159
1467 116
1468 155
1469 146
1470 134
1471 131
1472 140
1473 129
1474 149
1475 135
1476 157
1477 137
1478 135
1479 161
1480 131
1481 124
1482 125
1483 165
1484 138
1485 145
1486 136
1487 140
1488 157
1489 127
1490 146
1491 136
1492 123
1493 136
1494 140
1495 145
1496 127
1497 140
1498 128
1499 126
1500 142
1501 125
1502 140
1503 128
1504 133
1505 113
1506 130
1507 124
1508 137
1509 117
1510 118
1511 109
1512 149
1513 122
1514 134
1515 120
1516 105
1517 121
1518 122
1519 134
1520 116
1521 130
1522 111
1523 121
1524 98
1525 107
1526 128
1527 117
1528 124
1529 116
1530 132
1531 105
1532 116
1533 107
1534 140
1535 118
1536 113
1537 116
1538 126
1539 110
1540 139
1541 98
1542 114
1543 123
1544 122
1545 103
1546 106
1547 137
1548 124
1549 136
1550 107
1551 114
1552 110
1553 131
1554 117
1555 117
1556 108
1557 121
1558 120
1559 104
1560 128
1561 113
1562 115
1563 115
1564 111
1565 113
1566 111
1567 113
1568 123
1569 136
1570 117
1571 90
1572 107
1573 131
1574 117
1575 102
1576 100
1577 95
1578 119
1579 123
1580 121
1581 113
1582 136
1583 122
1584 113
1585 125
1586 103
1587 129
1588 116
1589 131
1590 109
1591 119
1592 127
1593 101
1594 96
1595 113
1596 107
1597 115
1598 111
1599 125
1600 106
1601 101
1602 114
1603 104
1604 113
1605 113
1606 97
1607 91
1608 97
1609 97
1610 117
1611 93
1612 101
1613 123
1614 89
1615 96
1616 119
1617 88
1618 117
1619 111
1620 105
1621 113
1622 105
1623 109
1624 92
1625 97
1626 97
1627 91
1628 110
1629 91
1630 114
1631 86
1632 108
1633 128
1634 119
1635 108
1636 111
1637 95
1638 93
1639 113
1640 122
1641 87
1642 112
1643 100
1644 87
1645 97
1646 100
1647 94
1648 112
1649 115
1650 103
1651 92
1652 94
1653 124
1654 102
1655 94
1656 124
1657 107
1658 96
1659 97
1660 93
1661 98
1662 99
1663 100
1664 109
1665 115
1666 84
1667 92
1668 116
1669 137
1670 117
1671 116
1672 117
1673 111
1674 108
1675 115
1676 115
1677 118
1678 121
1679 119
1680 95
1681 102
1682 96
1683 120
1684 103
1685 118
1686 111
1687 105
1688 104
1689 116
1690 123
1691 91
1692 99
1693 116
1694 98
1695 93
1696 112
1697 102
1698 133
1699 98
1700 110
1701 100
1702 115
1703 89
1704 88
1705 103
1706 96
1707 101
1708 89
1709 91
1710 93
1711 93
1712 102
1713 101
1714 114
1715 87
1716 102
1717 107
1718 106
1719 89
1720 96
1721 91
1722 97
1723 92
1724 95
1725 110
1726 92
1727 78
1728 83
1729 124
1730 112
1731 105
1732 107
1733 100
1734 103
1735 100
1736 86
1737 73
1738 95
1739 77
1740 104
1741 91
1742 103
1743 83
1744 93
1745 94
1746 77
1747 82
1748 84
1749 95
1750 95
1751 92
1752 93
1753 104
1754 88
1755 93
1756 114
1757 83
1758 84
1759 71
1760 109
1761 101
1762 97
1763 101
1764 104
1765 100
1766 94
1767 99
1768 98
1769 98
1770 97
1771 77
1772 97
1773 88
1774 103
1775 82
1776 110
1777 82
1778 86
1779 101
1780 81
1781 96
1782 105
1783 107
1784 90
1785 95
1786 85
1787 92
1788 87
1789 78
1790 95
1791 106
1792 98
1793 93
1794 108
1795 102
1796 110
1797 110
1798 83
1799 107
1800 85
1801 88
1802 95
1803 88
1804 65
1805 92
1806 115
1807 106
1808 105
1809 118
1810 89
1811 103
1812 82
1813 119
1814 87
1815 115
1816 84
1817 83
1818 88
1819 95
1820 94
1821 88
1822 86
1823 94
1824 106
1825 92
1826 76
1827 103
1828 94
1829 76
1830 85
1831 73
1832 91
1833 92
1834 95
1835 91
1836 94
1837 94
1838 104
1839 87
1840 93
1841 81
1842 93
1843 95
1844 81
1845 67
1846 79
1847 95
1848 98
1849 75
1850 83
1851 84
1852 98
1853 110
1854 104
1855 72
1856 84
1857 94
1858 84
1859 90
1860 88
1861 81
1862 77
1863 80
1864 85
1865 91
1866 91
1867 111
1868 93
1869 78
1870 94
1871 93
1872 102
1873 112
1874 84
1875 81
1876 92
1877 93
1878 104
1879 77
1880 85
1881 97
1882 64
1883 88
1884 99
1885 95
1886 85
1887 94
1888 83
1889 86
1890 78
1891 79
1892 99
1893 83
1894 75
1895 83
1896 88
1897 91
1898 77
1899 68
1900 67
1901 88
1902 83
1903 81
1904 67
1905 85
1906 93
1907 84
1908 78
1909 85
1910 83
1911 84
1912 81
1913 92
1914 90
1915 81
1916 92
1917 83
1918 77
1919 61
1920 74
1921 71
1922 82
1923 100
1924 76
1925 73
1926 86
1927 85
1928 89
1929 71
1930 84
1931 88
1932 73
1933 74
1934 74
1935 85
1936 97
1937 87
1938 75
1939 119
1940 74
1941 73
1942 70
1943 69
1944 85
1945 76
1946 88
1947 90
1948 84
1949 69
1950 89
1951 70
1952 74
1953 71
1954 78
1955 68
1956 80
1957 86
1958 92
1959 71
1960 77
1961 82
1962 82
1963 67
1964 90
1965 63
1966 78
1967 80
1968 76
1969 81
1970 69
1971 92
1972 69
1973 77
1974 86
1975 77
1976 79
1977 61
1978 84
1979 61
1980 86
1981 69
1982 72
1983 78
1984 81
1985 63
1986 64
1987 73
1988 79
1989 66
1990 67
1991 80
1992 77
1993 88
1994 80
1995 84
1996 72
1997 73
1998 73
1999 85
2000 83
2001 79
2002 95
2003 75
2004 74
2005 69
2006 84
2007 78
2008 56
2009 85
2010 74
2011 59
2012 83
2013 70
2014 83
2015 86
2016 67
2017 66
2018 74
2019 64
2020 73
2021 72
2022 63
2023 72
2024 47
2025 78
2026 74
2027 69
2028 80
2029 74
2030 83
2031 84
2032 77
2033 76
2034 69
2035 76
2036 78
2037 82
2038 72
2039 76
2040 88
2041 67
2042 68
2043 74
2044 85
2045 71
2046 72
2047 67
2048 80
2049 78
2050 72
2051 84
2052 73
2053 68
2054 72
2055 67
2056 79
2057 57
2058 73
2059 76
2060 67
2061 71
2062 81
2063 74
2064 76
2065 71
2066 93
2067 69
2068 56
2069 61
2070 87
2071 69
2072 64
2073 75
2074 74
2075 61
2076 80
2077 90
2078 52
2079 71
2080 59
2081 85
2082 80
2083 53
2084 73
2085 63
2086 67
2087 65
2088 79
2089 55
2090 73
2091 82
2092 70
2093 70
2094 67
2095 74
2096 64
2097 88
2098 72
2099 76
2100 75
2101 78
2102 66
2103 73
2104 70
2105 69
2106 63
2107 59
2108 75
2109 63
2110 52
2111 53
2112 70
2113 74
2114 57
2115 76
2116 62
2117 55
2118 73
2119 59
2120 70
2121 73
2122 75
2123 66
2124 74
2125 64
2126 74
2127 65
2128 72
2129 66
2130 58
2131 79
2132 57
2133 86
2134 64
2135 70
2136 75
2137 74
2138 65
2139 75
2140 67
2141 76
2142 70
2143 62
2144 60
2145 71
2146 68
2147 65
2148 65
2149 77
2150 70
2151 72
2152 72
2153 57
2154 63
2155 75
2156 80
2157 65
2158 79
2159 73
2160 68
2161 72
2162 77
2163 64
2164 73
2165 46
2166 64
2167 68
2168 60
2169 73
2170 64
2171 63
2172 72
2173 62
2174 80
2175 52
2176 66
2177 63
2178 69
2179 59
2180 71
2181 70
2182 66
2183 68
2184 71
2185 55
2186 65
2187 71
2188 71
2189 54
2190 69
2191 66
2192 61
2193 64
2194 51
2195 72
2196 68
2197 59
2198 81
2199 70
2200 56
2201 64
2202 64
2203 64
2204 73
2205 70
2206 77
2207 62
2208 79
2209 69
2210 83
2211 72
2212 81
2213 78
2214 53
2215 68
2216 72
2217 88
2218 76
2219 79
2220 70
2221 68
2222 47
2223 66
2224 69
2225 84
2226 76
2227 81
2228 66
2229 79
2230 70
2231 68
2232 65
2233 81
2234 65
2235 58
2236 63
2237 64
2238 64
2239 63
2240 54
2241 73
2242 67
2243 75
2244 73
2245 84
2246 62
2247 78
2248 72
2249 74
2250 79
2251 69
2252 56
2253 69
2254 69
2255 70
2256 53
2257 49
2258 65
2259 70
2260 70
2261 76
2262 62
2263 60
2264 67
2265 59
2266 49
2267 70
2268 64
2269 77
2270 69
2271 67
2272 57
2273 78
2274 78
2275 63
2276 60
2277 77
2278 53
2279 89
2280 68
2281 79
2282 68
2283 86
2284 66
2285 74
2286 58
2287 59
2288 57
2289 83
2290 68
2291 78
2292 73
2293 88
2294 98
2295 55
2296 73
2297 65
2298 83
2299 93
2300 65
2301 72
2302 77
2303 64
2304 63
2305 97
2306 69
2307 59
2308 63
2309 93
2310 81
2311 88
2312 76
2313 71
2314 83
2315 74
2316 77
2317 75
2318 79
2319 88
2320 83
2321 76
2322 72
2323 80
2324 80
2325 82
2326 81
2327 77
2328 74
2329 71
2330 85
2331 81
2332 83
2333 67
2334 91
2335 84
2336 89
2337 77
2338 72
2339 61
2340 60
2341 78
2342 71
2343 78
2344 59
2345 79
2346 69
2347 78
2348 64
2349 67
2350 69
2351 63
2352 67
2353 72
2354 74
2355 66
2356 63
2357 70
2358 70
2359 76
2360 65
2361 62
2362 68
2363 73
2364 55
2365 60
2366 61
2367 80
2368 61
2369 85
2370 49
2371 68
2372 69
2373 61
2374 63
2375 59
2376 59
2377 63
2378 59
2379 59
2380 71
2381 70
2382 65
2383 70
2384 63
2385 64
2386 76
2387 52
2388 58
2389 56
2390 50
2391 63
2392 79
2393 63
2394 70
2395 60
2396 66
2397 62
2398 77
2399 65
2400 70
2401 61
2402 69
2403 63
2404 69
2405 60
2406 64
2407 72
2408 70
2409 57
2410 70
2411 60
2412 63
2413 63
2414 64
2415 61
2416 69
2417 57
2418 56
2419 51
2420 66
2421 61
2422 53
2423 58
2424 65
2425 57
2426 56
2427 66
2428 60
2429 45
2430 72
2431 60
2432 57
2433 64
2434 62
2435 53
2436 66
2437 52
2438 67
2439 55
2440 77
2441 63
2442 68
2443 64
2444 66
2445 57
2446 66
2447 73
2448 61
2449 72
2450 56
2451 85
2452 68
2453 79
2454 62
2455 61
2456 50
2457 64
2458 71
2459 59
2460 54
2461 64
2462 62
2463 64
2464 60
2465 71
2466 56
2467 55
2468 78
2469 52
2470 73
2471 59
2472 72
2473 57
2474 59
2475 66
2476 62
2477 64
2478 47
2479 64
2480 66
2481 70
2482 58
2483 61
2484 58
2485 78
2486 58
2487 68
2488 58
2489 66
2490 71
2491 53
2492 54
2493 49
2494 53
2495 56
2496 71
2497 65
2498 66
2499 57
2500 60
2501 59
2502 75
2503 56
2504 72
2505 50
2506 62
2507 54
2508 56
2509 57
2510 56
2511 51
2512 56
2513 53
2514 62
2515 60
2516 56
2517 55
2518 48
2519 65
2520 51
2521 64
2522 72
2523 77
2524 50
2525 60
2526 73
2527 57
2528 63
2529 65
2530 67
2531 68
2532 49
2533 62
2534 66
2535 58
2536 52
2537 51
2538 61
2539 59
2540 59
2541 66
2542 66
2543 62
2544 53
2545 45
2546 68
2547 67
2548 68
2549 32
2550 62
2551 42
2552 56
2553 52
2554 73
2555 60
2556 47
2557 51
2558 50
2559 55
2560 54
2561 48
2562 60
2563 46
2564 65
2565 64
2566 67
2567 62
2568 61
2569 73
2570 62
2571 72
2572 38
2573 55
2574 50
2575 56
2576 60
2577 46
2578 51
2579 54
2580 59
2581 55
2582 53
2583 58
2584 43
2585 64
2586 62
2587 61
2588 51
2589 62
2590 70
2591 44
2592 58
2593 47
2594 58
2595 60
2596 52
2597 44
2598 40
2599 42
2600 59
2601 62
2602 51
2603 54
2604 61
2605 56
2606 50
2607 52
2608 56
2609 50
2610 56
2611 65
2612 61
2613 57
2614 60
2615 55
2616 59
2617 53
2618 46
2619 49
2620 58
2621 63
2622 55
2623 50
2624 50
2625 72
2626 57
2627 57
2628 67
2629 76
2630 61
2631 60
2632 55
2633 57
2634 55
2635 62
2636 74
2637 61
2638 54
2639 57
2640 46
2641 50
2642 52
2643 52
2644 47
2645 58
2646 37
2647 44
2648 46
2649 61
2650 39
2651 50
2652 51
2653 48
2654 55
2655 55
2656 47
2657 60
2658 75
2659 52
2660 41
2661 58
2662 58
2663 49
2664 55
2665 62
2666 58
2667 53
2668 57
2669 45
2670 48
2671 52
2672 43
2673 57
2674 58
2675 54
2676 63
2677 57
2678 46
2679 62
2680 47
2681 66
2682 48
2683 52
2684 65
2685 59
2686 59
2687 55
2688 66
2689 43
2690 47
2691 43
2692 51
2693 37
2694 62
2695 63
2696 62
2697 48
2698 51
2699 53
2700 44
2701 50
2702 56
2703 55
2704 45
2705 58
2706 45
2707 55
2708 62
2709 45
2710 38
2711 59
2712 44
2713 56
2714 37
2715 56
2716 54
2717 51
2718 48
2719 64
2720 54
2721 48
2722 50
2723 58
2724 40
2725 51
2726 48
2727 53
2728 50
2729 47
2730 52
2731 56
2732 40
2733 59
2734 50
2735 41
2736 37
2737 44
2738 53
2739 49
2740 49
2741 67
2742 38
2743 51
2744 51
2745 55
2746 54
2747 57
2748 55
2749 56
2750 62
2751 60
2752 51
2753 36
2754 53
2755 59
2756 44
2757 49
2758 52
2759 51
2760 56
2761 49
2762 27
2763 57
2764 64
2765 53
2766 43
2767 41
2768 52
2769 45
2770 53
2771 60
2772 63
2773 48
2774 56
2775 58
2776 55
2777 55
2778 51
2779 51
2780 52
2781 54
2782 43
2783 51
2784 54
2785 49
2786 57
2787 52
2788 62
2789 47
2790 55
2791 43
2792 51
2793 60
2794 54
2795 47
2796 47
2797 48
2798 49
2799 53
2800 51
2801 52
2802 56
2803 42
2804 36
2805 47
2806 43
2807 43
2808 54
2809 49
2810 41
2811 48
2812 47
2813 47
2814 52
2815 46
2816 39
2817 37
2818 59
2819 47
2820 58
2821 45
2822 51
2823 44
2824 48
2825 49
2826 51
2827 39
2828 57
2829 47
2830 57
2831 38
2832 41
2833 46
2834 44
2835 44
2836 62
2837 54
2838 46
2839 48
2840 56
2841 43
2842 46
2843 49
2844 63
2845 58
2846 39
2847 35
2848 52
2849 49
2850 38
2851 48
2852 46
2853 50
2854 52
2855 36
2856 43
2857 41
2858 49
2859 43
2860 45
2861 47
2862 45
2863 48
2864 48
2865 41
2866 43
2867 39
2868 46
2869 52
2870 43
2871 57
2872 44
2873 40
2874 57
2875 55
2876 39
2877 37
2878 48
2879 45
2880 40
2881 61
2882 51
2883 34
2884 57
2885 58
2886 40
2887 66
2888 49
2889 56
2890 49
2891 52
2892 51
2893 44
2894 48
2895 52
2896 54
2897 53
2898 50
2899 39
2900 31
2901 48
2902 42
2903 43
2904 53
2905 52
2906 33
2907 46
2908 48
2909 52
2910 46
2911 54
2912 47
2913 52
2914 41
2915 56
2916 59
2917 61
2918 47
2919 56
2920 43
2921 60
2922 48
2923 45
2924 48
2925 41
2926 47
2927 49
2928 47
2929 56
2930 50
2931 37
2932 56
2933 42
2934 36
2935 57
2936 45
2937 48
2938 38
2939 49
2940 52
2941 53
2942 46
2943 52
2944 47
2945 42
2946 60
2947 42
2948 42
2949 48
2950 48
2951 50
2952 36
2953 45
2954 53
2955 38
2956 50
2957 42
2958 33
2959 46
2960 48
2961 42
2962 52
2963 33
2964 41
2965 43
2966 43
2967 35
2968 49
2969 58
2970 46
2971 42
2972 44
2973 40
2974 40
2975 46
2976 42
2977 45
2978 50
2979 35
2980 57
2981 46
2982 53
2983 47
2984 38
2985 44
2986 36
2987 45
2988 62
2989 56
2990 42
2991 49
2992 43
2993 48
2994 48
2995 43
2996 37
2997 54
2998 42
2999 42
3000 39
3001 56
3002 40
3003 59
3004 46
3005 37
3006 51
3007 42
3008 57
3009 49
3010 38
3011 54
3012 55
3013 39
3014 46
3015 44
3016 49
3017 53
3018 45
3019 47
3020 35
3021 43
3022 46
3023 47
3024 34
3025 52
3026 52
3027 46
3028 52
3029 41
3030 51
3031 39
3032 56
3033 47
3034 47
3035 54
3036 42
3037 48
3038 55
3039 61
3040 60
3041 42
3042 43
3043 40
3044 48
3045 54
3046 46
3047 37
3048 52
3049 50
3050 51
3051 57
3052 43
3053 50
3054 45
3055 55
3056 39
3057 50
3058 54
3059 51
3060 54
3061 46
3062 48
3063 45
3064 43
3065 54
3066 44
3067 39
3068 42
3069 43
3070 44
3071 48
3072 37
3073 59
3074 49
3075 39
3076 41
3077 49
3078 43
3079 45
3080 37
3081 49
3082 44
3083 53
3084 47
3085 38
3086 28
3087 61
3088 38
3089 50
3090 36
3091 64
3092 52
3093 53
3094 44
3095 51
3096 52
3097 50
3098 48
3099 57
3100 43
3101 38
3102 45
3103 54
3104 34
3105 40
3106 43
3107 46
3108 48
3109 42
3110 50
3111 50
3112 57
3113 36
3114 49
3115 48
3116 49
3117 43
3118 40
3119 50
3120 30
3121 34
3122 49
3123 51
3124 45
3125 52
3126 45
3127 43
3128 44
3129 46
3130 41
3131 40
3132 46
3133 39
3134 43
3135 45
3136 42
3137 50
3138 46
3139 45
3140 52
3141 43
3142 42
3143 47
3144 36
3145 58
3146 40
3147 43
3148 46
3149 59
3150 61
3151 44
3152 37
3153 34
3154 42
3155 50
3156 40
3157 40
3158 28
3159 42
3160 40
3161 31
3162 46
3163 25
3164 46
3165 38
3166 40
3167 44
3168 36
3169 32
3170 37
3171 41
3172 48
3173 45
3174 41
3175 52
3176 49
3177 50
3178 39
3179 32
3180 48
3181 52
3182 34
3183 33
3184 49
3185 40
3186 36
3187 44
3188 42
3189 49
3190 44
3191 45
3192 59
3193 33
3194 42
3195 48
3196 42
3197 41
3198 45
3199 48
3200 47
3201 39
3202 43
3203 41
3204 43
3205 36
3206 34
3207 52
3208 35
3209 53
3210 45
3211 48
3212 36
3213 41
3214 37
3215 42
3216 46
3217 42
3218 30
3219 26
3220 38
3221 41
3222 41
3223 34
3224 52
3225 41
3226 43
3227 33
3228 46
3229 49
3230 33
3231 37
3232 51
3233 39
3234 39
3235 31
3236 39
3237 48
3238 43
3239 43
3240 30
3241 44
3242 45
3243 51
3244 41
3245 51
3246 43
3247 44
3248 58
3249 44
3250 31
3251 36
3252 47
3253 31
3254 38
3255 38
3256 41
3257 40
3258 35
3259 44
3260 36
3261 58
3262 41
3263 32
3264 32
3265 34
3266 30
3267 30
3268 44
3269 29
3270 43
3271 40
3272 44
3273 37
3274 41
3275 43
3276 39
3277 35
3278 45
3279 42
3280 42
3281 23
3282 45
3283 31
3284 34
3285 35
3286 32
3287 50
3288 39
3289 44
3290 42
3291 41
3292 38
3293 43
3294 66
3295 44
3296 41
3297 43
3298 39
3299 44
3300 25
3301 38
3302 27
3303 51
3304 39
3305 29
3306 29
3307 26
3308 49
3309 33
3310 46
3311 38
3312 31
3313 37
3314 34
3315 35
3316 38
3317 30
3318 41
3319 28
3320 35
3321 42
3322 41
3323 34
3324 26
3325 43
3326 38
3327 36
3328 36
3329 23
3330 32
3331 27
3332 38
3333 32
3334 39
3335 40
3336 29
3337 42
3338 39
3339 35
3340 39
3341 31
3342 29
3343 28
3344 30
3345 28
3346 43
3347 40
3348 29
3349 37
3350 44
3351 33
3352 27
3353 36
3354 32
3355 35
3356 36
3357 27
3358 31
3359 36
3360 40
3361 34
3362 39
3363 38
3364 40
3365 35
3366 39
3367 45
3368 31
3369 32
3370 38
3371 34
3372 32
3373 35
3374 37
3375 39
3376 42
3377 38
3378 41
3379 34
3380 37
3381 30
3382 39
3383 34
3384 40
3385 41
3386 40
3387 43
3388 38
3389 30
3390 43
3391 30
3392 34
3393 40
3394 45
3395 47
3396 31
3397 36
3398 38
3399 30
3400 41
3401 42
3402 32
3403 44
3404 44
3405 31
3406 33
3407 23
3408 35
3409 33
3410 47
3411 32
3412 28
3413 38
3414 37
3415 37
3416 47
3417 31
3418 48
3419 24
3420 41
3421 25
3422 46
3423 40
3424 37
3425 36
3426 29
3427 30
3428 34
3429 45
3430 49
3431 40
3432 28
3433 35
3434 50
3435 41
3436 42
3437 38
3438 35
3439 47
3440 35
3441 32
3442 36
3443 32
3444 33
3445 42
3446 39
3447 38
3448 32
3449 31
3450 29
3451 39
3452 50
3453 35
3454 39
3455 30
3456 39
3457 32
3458 51
3459 35
3460 33
3461 32
3462 43
3463 26
3464 39
3465 33
3466 29
3467 50
3468 44
3469 31
3470 32
3471 37
3472 32
3473 45
3474 30
3475 51
3476 41
3477 37
3478 31
3479 43
3480 40
3481 38
3482 33
3483 43
3484 41
3485 43
3486 33
3487 39
3488 37
3489 41
3490 30
3491 35
3492 36
3493 30
3494 33
3495 44
3496 34
3497 36
3498 35
3499 42
3500 34
3501 33
3502 29
3503 36
3504 37
3505 38
3506 50
3507 33
3508 32
3509 40
3510 29
3511 33
3512 36
3513 40
3514 32
3515 36
3516 29
3517 37
3518 41
3519 39
3520 43
3521 31
3522 36
3523 36
3524 40
3525 37
3526 38
3527 37
3528 22
3529 33
3530 26
3531 37
3532 30
3533 35
3534 35
3535 32
3536 38
3537 29
3538 44
3539 30
3540 40
3541 27
3542 31
3543 46
3544 31
3545 37
3546 40
3547 27
3548 38
3549 31
3550 29
3551 24
3552 37
3553 33
3554 34
3555 48
3556 57
3557 37
3558 36
3559 35
3560 24
3561 38
3562 38
3563 26
3564 26
3565 36
3566 39
3567 37
3568 30
3569 22
3570 34
3571 34
3572 30
3573 20
3574 37
3575 33
3576 29
3577 31
3578 39
3579 36
3580 33
3581 44
3582 20
3583 35
3584 31
3585 26
3586 37
3587 33
3588 37
3589 30
3590 36
3591 35
3592 26
3593 38
3594 30
3595 37
3596 33
3597 19
3598 25
3599 31
3600 38
3601 26
3602 29
3603 35
3604 28
3605 32
3606 36
3607 30
3608 28
3609 24
3610 25
3611 34
3612 36
3613 29
3614 33
3615 31
3616 32
3617 37
3618 32
3619 38
3620 29
3621 24
3622 28
3623 36
3624 27
3625 17
3626 31
3627 29
3628 29
3629 31
3630 33
3631 34
3632 28
3633 22
3634 34
3635 32
3636 33
3637 26
3638 24
3639 27
3640 29
3641 25
3642 29
3643 34
3644 19
3645 22
3646 23
3647 26
3648 33
3649 30
3650 26
3651 34
3652 27
3653 27
3654 26
3655 25
3656 28
3657 20
3658 27
3659 30
3660 23
3661 37
3662 30
3663 30
3664 30
3665 24
3666 26
3667 33
3668 34
3669 32
3670 33
3671 24
3672 25
3673 27
3674 30
3675 29
3676 22
3677 25
3678 33
3679 21
3680 29
3681 27
3682 29
3683 27
3684 21
3685 29
3686 28
3687 27
3688 37
3689 20
3690 21
3691 24
3692 25
3693 28
3694 32
3695 31
3696 29
3697 32
3698 28
3699 29
3700 33
3701 32
3702 32
3703 28
3704 30
3705 35
3706 31
3707 37
3708 31
3709 25
3710 24
3711 32
3712 28
3713 28
3714 32
3715 29
3716 26
3717 27
3718 26
3719 36
3720 39
3721 27
3722 28
3723 26
3724 26
3725 28
3726 33
3727 30
3728 23
3729 28
3730 20
3731 28
3732 21
3733 22
3734 26
3735 22
3736 29
3737 26
3738 22
3739 28
3740 31
3741 25
3742 16
3743 26
3744 23
3745 23
3746 24
3747 24
3748 20
3749 31
3750 35
3751 29
3752 29
3753 22
3754 33
3755 27
3756 24
3757 30
3758 26
3759 28
3760 25
3761 32
3762 24
3763 27
3764 37
3765 24
3766 26
3767 24
3768 30
3769 29
3770 20
3771 23
3772 30
3773 27
3774 27
3775 26
3776 28
3777 40
3778 29
3779 30
3780 29
3781 31
3782 22
3783 42
3784 26
3785 29
3786 31
3787 29
3788 32
3789 23
3790 32
3791 32
3792 22
3793 23
3794 24
3795 25
3796 19
3797 25
3798 27
3799 31
3800 29
3801 23
3802 25
3803 25
3804 27
3805 31
3806 25
3807 24
3808 25
3809 27
3810 20
3811 24
3812 37
3813 24
3814 23
3815 39
3816 30
3817 24
3818 27
3819 45
3820 29
3821 26
3822 21
3823 26
3824 25
3825 29
3826 35
3827 32
3828 27
3829 23
3830 23
3831 34
3832 28
3833 16
3834 30
3835 25
3836 35
3837 20
3838 30
3839 20
3840 31
3841 31
3842 25
3843 25
3844 24
3845 40
3846 30
3847 27
3848 34
3849 28
3850 22
3851 27
3852 39
3853 30
3854 30
3855 30
3856 24
3857 26
3858 20
3859 31
3860 19
3861 26
3862 21
3863 28
3864 17
3865 25
3866 32
3867 27
3868 25
3869 27
3870 18
3871 25
3872 28
3873 35
3874 28
3875 22
3876 28
3877 19
3878 27
3879 27
3880 28
3881 23
3882 27
3883 31
3884 31
3885 30
3886 27
3887 21
3888 24
3889 28
3890 27
3891 29
3892 29
3893 27
3894 36
3895 29
3896 35
3897 36
3898 27
3899 28
3900 28
3901 25
3902 31
3903 27
3904 14
3905 30
3906 31
3907 25
3908 30
3909 21
3910 26
3911 36
3912 31
3913 25
3914 32
3915 27
3916 28
3917 27
3918 28
3919 26
3920 28
3921 28
3922 27
3923 18
3924 21
3925 24
3926 36
3927 27
3928 27
3929 31
3930 26
3931 33
3932 22
3933 23
3934 28
3935 24
3936 25
3937 19
3938 33
3939 23
3940 19
3941 40
3942 24
3943 15
3944 27
3945 17
3946 30
3947 23
3948 21
3949 19
3950 27
3951 25
3952 28
3953 28
3954 30
3955 27
3956 21
3957 32
3958 20
3959 31
3960 17
3961 20
3962 21
3963 18
3964 15
3965 22
3966 25
3967 19
3968 25
3969 16
3970 25
3971 27
3972 24
3973 25
3974 25
3975 23
3976 24
3977 14
3978 40
3979 28
3980 28
3981 21
3982 27
3983 21
3984 35
3985 25
3986 29
3987 28
3988 26
3989 25
3990 15
3991 18
3992 21
3993 25
3994 29
3995 24
3996 19
3997 28
3998 27
3999 26
4000 18
4001 23
4002 25
4003 21
4004 36
4005 27
4006 25
4007 26
4008 23
4009 26
4010 24
4011 30
4012 26
4013 23
4014 21
4015 19
4016 23
4017 18
4018 18
4019 26
4020 21
4021 19
4022 25
4023 28
4024 28
4025 27
4026 19
4027 24
4028 19
4029 25
4030 19
4031 30
4032 23
4033 28
4034 35
4035 22
4036 25
4037 31
4038 20
4039 27
4040 20
4041 31
4042 21
4043 22
4044 23
4045 17
4046 31
4047 21
4048 29
4049 26
4050 21
4051 27
4052 19
4053 23
4054 18
4055 33
4056 22
4057 21
4058 30
4059 21
4060 23
4061 27
4062 27
4063 21
4064 30
4065 31
4066 27
4067 14
4068 27
4069 30
4070 23
4071 17
4072 20
4073 28
4074 20
4075 23
4076 23
4077 30
4078 24
4079 24
4080 21
4081 32
4082 30
4083 26
4084 28
4085 22
4086 28
4087 26
4088 29
4089 28
4090 22
4091 14
4092 26
4093 23
4094 28
4095 22
4096 27
4097 33
4098 31
4099 24
4100 28
4101 27
4102 30
4103 26
4104 18
4105 31
4106 17
4107 32
4108 27
4109 34
4110 18
4111 23
4112 34
4113 30
4114 27
4115 21
4116 19
4117 27
4118 25
4119 32
4120 29
4121 31
4122 17
4123 25
4124 16
4125 24
4126 14
4127 23
4128 26
4129 22
4130 28
4131 20
4132 26
4133 26
4134 35
4135 22
4136 35
4137 23
4138 19
4139 20
4140 31
4141 26
4142 24
4143 26
4144 16
4145 25
4146 31
4147 11
4148 18
4149 30
4150 31
4151 23
4152 24
4153 33
4154 16
4155 24
4156 24
4157 22
4158 24
4159 15
4160 23
4161 38
4162 19
4163 30
4164 19
4165 23
4166 33
4167 27
4168 22
4169 27
4170 29
4171 21
4172 21
4173 25
4174 27
4175 19
4176 23
4177 23
4178 16
4179 26
4180 20
4181 22
4182 20
4183 32
4184 20
4185 27
4186 24
4187 23
4188 26
4189 28
4190 23
4191 29
4192 25
4193 25
4194 26
4195 30
4196 14
4197 21
4198 27
4199 14
4200 26
4201 17
4202 20
4203 19
4204 28
4205 25
4206 23
4207 23
4208 22
4209 26
4210 28
4211 12
4212 20
4213 23
4214 25
4215 32
4216 19
4217 22
4218 19
4219 23
4220 24
4221 23
4222 19
4223 21
4224 22
4225 32
4226 13
4227 19
4228 16
4229 21
4230 32
4231 21
4232 22
4233 26
4234 18
4235 16
4236 25
4237 22
4238 20
4239 14
4240 20
4241 21
4242 27
4243 19
4244 21
4245 29
4246 21
4247 18
4248 17
4249 21
4250 24
4251 21
4252 13
4253 20
4254 13
4255 28
4256 25
4257 16
4258 29
4259 19
4260 18
4261 21
4262 25
4263 20
4264 23
4265 23
4266 34
4267 21
4268 17
4269 27
4270 19
4271 14
4272 31
4273 30
4274 24
4275 20
4276 12
4277 27
4278 20
4279 15
4280 20
4281 26
4282 28
4283 28
4284 31
4285 24
4286 27
4287 33
4288 30
4289 23
4290 24
4291 22
4292 27
4293 29
4294 22
4295 28
4296 27
4297 18
4298 23
4299 19
4300 35
4301 29
4302 32
4303 25
4304 30
4305 21
4306 33
4307 27
4308 22
4309 22
4310 14
4311 18
4312 25
4313 21
4314 17
4315 17
4316 27
4317 27
4318 26
4319 30
4320 21
4321 20
4322 22
4323 22
4324 28
4325 20
4326 25
4327 23
4328 21
4329 19
4330 17
4331 13
4332 26
4333 15
4334 29
4335 19
4336 18
4337 25
4338 29
4339 28
4340 17
4341 25
4342 25
4343 15
4344 17
4345 30
4346 15
4347 22
4348 31
4349 25
4350 25
4351 17
4352 21
4353 27
4354 17
4355 22
4356 23
4357 27
4358 18
4359 17
4360 19
4361 18
4362 18
4363 21
4364 23
4365 27
4366 14
4367 27
4368 35
4369 18
4370 18
4371 26
4372 16
4373 27
4374 19
4375 17
4376 12
4377 19
4378 20
4379 18
4380 19
4381 23
4382 39
4383 23
4384 22
4385 22
4386 21
4387 26
4388 27
4389 15
4390 23
4391 19
4392 25
4393 19
4394 22
4395 11
4396 24
4397 28
4398 17
4399 29
4400 22
4401 22
4402 28
4403 25
4404 33
4405 24
4406 22
4407 25
4408 21
4409 22
4410 31
4411 17
4412 20
4413 16
4414 21
4415 21
4416 23
4417 18
4418 23
4419 23
4420 14
4421 23
4422 20
4423 31
4424 21
4425 17
4426 26
4427 20
4428 17
4429 16
4430 17
4431 21
4432 20
4433 16
4434 26
4435 18
4436 16
4437 24
4438 17
4439 17
4440 26
4441 22
4442 22
4443 22
4444 17
4445 23
4446 16
4447 26
4448 27
4449 16
4450 29
4451 27
4452 26
4453 20
4454 20
4455 19
4456 32
4457 20
4458 24
4459 24
4460 24
4461 18
4462 26
4463 24
4464 24
4465 26
4466 36
4467 25
4468 20
4469 37
4470 24
4471 25
4472 18
4473 22
4474 28
4475 32
4476 23
4477 22
4478 15
4479 24
4480 23
4481 22
4482 23
4483 20
4484 23
4485 20
4486 20
4487 27
4488 23
4489 20
4490 28
4491 24
4492 25
4493 26
4494 22
4495 29
4496 28
4497 23
4498 28
4499 24
4500 30
4501 14
4502 18
4503 22
4504 16
4505 19
4506 19
4507 39
4508 20
4509 23
4510 21
4511 15
4512 20
4513 17
4514 15
4515 18
4516 19
4517 31
4518 20
4519 31
4520 15
4521 14
4522 14
4523 16
4524 14
4525 24
4526 29
4527 23
4528 21
4529 24
4530 14
4531 24
4532 14
4533 20
4534 15
4535 29
4536 25
4537 21
4538 21
4539 20
4540 22
4541 15
4542 23
4543 17
4544 29
4545 28
4546 17
4547 27
4548 13
4549 21
4550 27
4551 22
4552 29
4553 21
4554 31
4555 27
4556 19
4557 29
4558 12
4559 27
4560 13
4561 22
4562 13
4563 14
4564 22
4565 22
4566 21
4567 20
4568 11
4569 24
4570 15
4571 24
4572 20
4573 17
4574 19
4575 21
4576 32
4577 24
4578 26
4579 16
4580 9
4581 17
4582 22
4583 20
4584 25
4585 28
4586 19
4587 16
4588 19
4589 23
4590 22
4591 29
4592 32
4593 20
4594 31
4595 16
4596 17
4597 24
4598 21
4599 25
4600 24
4601 17
4602 22
4603 17
4604 25
4605 18
4606 24
4607 24
4608 22
4609 24
4610 22
4611 27
4612 28
4613 28
4614 16
4615 34
4616 28
4617 26
4618 22
4619 23
4620 26
4621 14
4622 19
4623 23
4624 24
4625 13
4626 13
4627 21
4628 18
4629 17
4630 18
4631 20
4632 19
4633 23
4634 22
4635 27
4636 34
4637 29
4638 20
4639 24
4640 20
4641 23
4642 24
4643 17
4644 17
4645 30
4646 22
4647 22
4648 23
4649 14
4650 24
4651 24
4652 15
4653 17
4654 21
4655 20
4656 20
4657 22
4658 25
4659 26
4660 20
4661 19
4662 15
4663 20
4664 21
4665 29
4666 20
4667 25
4668 18
4669 21
4670 29
4671 18
4672 21
4673 21
4674 25
4675 31
4676 31
4677 26
4678 25
4679 18
4680 23
4681 18
4682 27
4683 19
4684 19
4685 22
4686 22
4687 20
4688 17
4689 21
4690 24
4691 19
4692 8
4693 22
4694 19
4695 16
4696 18
4697 14
4698 23
4699 16
4700 21
4701 17
4702 14
4703 14
4704 23
4705 20
4706 21
4707 29
4708 23
4709 21
4710 21
4711 16
4712 14
4713 17
4714 27
4715 20
4716 20
4717 18
4718 28
4719 29
4720 23
4721 24
4722 17
4723 18
4724 26
4725 27
4726 18
4727 26
4728 16
4729 18
4730 14
4731 24
4732 27
4733 25
4734 29
4735 25
4736 19
4737 22
4738 19
4739 19
4740 29
4741 21
4742 22
4743 19
4744 22
4745 22
4746 28
4747 22
4748 25
4749 24
4750 17
4751 20
4752 23
4753 26
4754 15
4755 20
4756 15
4757 24
4758 20
4759 20
4760 21
4761 19
4762 17
4763 23
4764 19
4765 13
4766 29
4767 26
4768 28
4769 28
4770 22
4771 20
4772 13
4773 26
4774 21
4775 18
4776 17
4777 32
4778 19
4779 21
4780 21
4781 21
4782 21
4783 20
4784 22
4785 20
4786 30
4787 20
4788 20
4789 13
4790 19
4791 17
4792 20
4793 15
4794 18
4795 25
4796 23
4797 21
4798 16
4799 17
4800 16
4801 23
4802 21
4803 26
4804 7
4805 20
4806 20
4807 25
4808 30
4809 28
4810 18
4811 21
4812 19
4813 20
4814 21
4815 19
4816 18
4817 18
4818 18
4819 20
4820 22
4821 30
4822 11
4823 18
4824 17
4825 22
4826 16
4827 14
4828 21
4829 20
4830 23
4831 22
4832 16
4833 22
4834 25
4835 18
4836 14
4837 21
4838 16
4839 26
4840 24
4841 32
4842 22
4843 21
4844 19
4845 22
4846 17
4847 8
4848 20
4849 24
4850 20
4851 21
4852 25
4853 9
4854 27
4855 22
4856 26
4857 24
4858 16
4859 18
4860 23
4861 22
4862 20
4863 25
4864 14
4865 25
4866 14
4867 17
4868 21
4869 26
4870 20
4871 17
4872 15
4873 22
4874 18
4875 17
4876 22
4877 26
4878 20
4879 23
4880 15
4881 25
4882 28
4883 22
4884 14
4885 28
4886 17
4887 19
4888 21
4889 16
4890 19
4891 12
4892 13
4893 25
4894 18
4895 16
4896 18
4897 25
4898 10
4899 23
4900 22
4901 17
4902 20
4903 25
4904 19
4905 20
4906 18
4907 27
4908 20
4909 11
4910 25
4911 15
4912 21
4913 19
4914 25
4915 21
4916 21
4917 15
4918 23
4919 27
4920 28
4921 20
4922 23
4923 28
4924 13
4925 16
4926 25
4927 22
4928 16
4929 20
4930 16
4931 24
4932 19
4933 21
4934 29
4935 23
4936 25
4937 25
4938 23
4939 21
4940 19
4941 24
4942 30
4943 15
4944 20
4945 17
4946 18
4947 17
4948 28
4949 30
4950 33
4951 27
4952 21
4953 31
4954 25
4955 21
4956 27
4957 22
4958 15
4959 34
4960 19
4961 23
4962 20
4963 20
4964 18
4965 24
4966 18
4967 20
4968 23
4969 25
4970 21
4971 22
4972 15
4973 19
4974 15
4975 24
4976 18
4977 20
4978 13
4979 22
4980 24
4981 15
4982 19
4983 18
4984 23
4985 19
4986 19
4987 23
4988 19
4989 20
4990 33
4991 24
4992 23
4993 22
4994 23
4995 18
4996 15
4997 23
4998 26
4999 18
5000 17
5001 16
5002 21
5003 19
5004 23
5005 26
5006 19
5007 29
5008 26
5009 25
5010 19
5011 17
5012 22
5013 15
5014 20
5015 16
5016 20
5017 24
5018 19
5019 17
5020 13
5021 17
5022 18
5023 26
5024 21
5025 13
5026 10
5027 20
5028 16
5029 18
5030 18
5031 22
5032 22
5033 28
5034 26
5035 19
5036 23
5037 25
5038 12
5039 16
5040 18
5041 17
5042 18
5043 21
5044 14
5045 34
5046 24
5047 13
5048 17
5049 19
5050 21
5051 20
5052 23
5053 25
5054 14
5055 23
5056 17
5057 15
5058 18
5059 26
5060 15
5061 25
5062 20
5063 12
5064 26
5065 20
5066 19
5067 15
5068 13
5069 13
5070 22
5071 15
5072 21
5073 24
5074 19
5075 17
5076 23
5077 19
5078 18
5079 20
5080 12
5081 19
5082 20
5083 13
5084 20
5085 24
5086 33
5087 29
5088 14
5089 17
5090 22
5091 18
5092 26
5093 13
5094 20
5095 22
5096 17
5097 26
5098 16
5099 16
5100 15
5101 21
5102 17
5103 16
5104 22
5105 19
5106 13
5107 21
5108 18
5109 15
5110 12
5111 16
5112 25
5113 10
5114 17
5115 15
5116 20
5117 16
5118 14
5119 25
5120 16
5121 18
5122 23
5123 20
5124 26
5125 13
5126 23
5127 23
5128 20
5129 10
5130 28
5131 27
5132 18
5133 15
5134 19
5135 13
5136 13
5137 13
5138 19
5139 26
5140 17
5141 26
5142 23
5143 14
5144 15
5145 16
5146 16
5147 17
5148 15
5149 21
5150 23
5151 20
5152 22
5153 14
5154 14
5155 10
5156 22
5157 17
5158 15
5159 16
5160 15
5161 20
5162 13
5163 21
5164 18
5165 14
5166 15
5167 22
5168 16
5169 22
5170 18
5171 13
5172 23
5173 12
5174 13
5175 12
5176 14
5177 23
5178 20
5179 17
5180 24
5181 16
5182 9
5183 18
5184 14
5185 20
5186 16
5187 15
5188 18
5189 20
5190 19
5191 9
5192 12
5193 13
5194 15
5195 28
5196 23
5197 17
5198 21
5199 19
5200 17
5201 26
5202 15
5203 19
5204 15
5205 20
5206 16
5207 20
5208 12
5209 10
5210 14
5211 17
5212 15
5213 18
5214 12
5215 14
5216 17
5217 28
5218 21
5219 19
5220 17
5221 11
5222 28
5223 19
5224 17
5225 15
5226 25
5227 20
5228 14
5229 15
5230 29
5231 16
5232 24
5233 14
5234 15
5235 13
5236 19
5237 11
5238 19
5239 17
5240 8
5241 12
5242 14
5243 17
5244 11
5245 15
5246 23
5247 13
5248 16
5249 16
5250 15
5251 21
5252 12
5253 23
5254 12
5255 15
5256 11
5257 20
5258 17
5259 19
5260 21
5261 9
5262 14
5263 19
5264 24
5265 18
5266 13
5267 19
5268 26
5269 17
5270 20
5271 23
5272 22
5273 12
5274 12
5275 14
5276 24
5277 21
5278 18
5279 19
5280 18
5281 17
5282 13
5283 16
5284 21
5285 24
5286 23
5287 13
5288 17
5289 13
5290 13
5291 23
5292 21
5293 16
5294 26
5295 18
5296 23
5297 13
5298 17
5299 14
5300 22
5301 15
5302 26
5303 17
5304 21
5305 26
5306 17
5307 21
5308 7
5309 7
5310 13
5311 12
5312 19
5313 14
5314 17
5315 19
5316 15
5317 21
5318 19
5319 13
5320 16
5321 17
5322 17
5323 20
5324 22
5325 25
5326 20
5327 19
5328 20
5329 21
5330 15
5331 24
5332 22
5333 15
5334 19
5335 16
5336 18
5337 15
5338 22
5339 14
5340 22
5341 12
5342 17
5343 24
5344 18
5345 20
5346 22
5347 20
5348 17
5349 12
5350 14
5351 24
5352 13
5353 15
5354 13
5355 17
5356 18
5357 10
5358 21
5359 17
5360 19
5361 14
5362 18
5363 13
5364 10
5365 6
5366 13
5367 14
5368 16
5369 22
5370 26
5371 18
5372 12
5373 9
5374 20
5375 18
5376 19
5377 11
5378 18
5379 13
5380 25
5381 21
5382 21
5383 10
5384 14
5385 13
5386 12
5387 15
5388 15
5389 24
5390 19
5391 16
5392 22
5393 14
5394 19
5395 13
5396 14
5397 21
5398 19
5399 11
5400 19
5401 9
5402 13
5403 13
5404 21
5405 22
5406 12
5407 19
5408 16
5409 15
5410 14
5411 11
5412 13
5413 15
5414 20
5415 14
5416 21
5417 14
5418 18
5419 20
5420 14
5421 15
5422 10
5423 14
5424 15
5425 16
5426 11
5427 20
5428 14
5429 19
5430 13
5431 12
5432 12
5433 14
5434 15
5435 15
5436 13
5437 15
5438 17
5439 9
5440 11
5441 10
5442 14
5443 15
5444 12
5445 16
5446 19
5447 15
5448 14
5449 17
5450 14
5451 14
5452 15
5453 10
5454 21
5455 11
5456 13
5457 20
5458 13
5459 22
5460 19
5461 22
5462 10
5463 13
5464 21
5465 15
5466 19
5467 16
5468 12
5469 8
5470 18
5471 13
5472 15
5473 12
5474 20
5475 12
5476 21
5477 14
5478 19
5479 9
5480 13
5481 26
5482 13
5483 14
5484 8
5485 18
5486 9
5487 15
5488 11
5489 12
5490 11
5491 20
5492 15
5493 19
5494 15
5495 11
5496 8
5497 16
5498 14
5499 11
5500 9
5501 25
5502 13
5503 8
5504 12
5505 14
5506 17
5507 13
5508 18
5509 15
5510 15
5511 11
5512 17
5513 14
5514 14
5515 16
5516 16
5517 17
5518 19
5519 16
5520 11
5521 13
5522 14
5523 11
5524 14
5525 9
5526 15
5527 14
5528 12
5529 12
5530 12
5531 17
5532 9
5533 16
5534 12
5535 12
5536 11
5537 15
5538 5
5539 16
5540 15
5541 9
5542 9
5543 13
5544 11
5545 17
5546 10
5547 15
5548 17
5549 11
5550 8
5551 18
5552 14
5553 14
5554 13
5555 10
5556 12
5557 15
5558 17
5559 9
5560 15
5561 10
5562 28
5563 11
5564 11
5565 14
5566 18
5567 11
5568 17
5569 14
5570 7
5571 15
5572 13
5573 15
5574 13
5575 20
5576 18
5577 15
5578 18
5579 14
5580 13
5581 10
5582 18
5583 13
5584 9
5585 13
5586 12
5587 9
5588 15
5589 8
5590 15
5591 17
5592 8
5593 12
5594 13
5595 9
5596 12
5597 8
5598 18
5599 16
5600 16
5601 12
5602 14
5603 15
5604 21
5605 17
5606 22
5607 13
5608 18
5609 11
5610 21
5611 9
5612 13
5613 11
5614 12
5615 16
5616 20
5617 13
5618 9
5619 12
5620 14
5621 18
5622 13
5623 17
5624 15
5625 13
5626 20
5627 14
5628 19
5629 14
5630 21
5631 8
5632 16
5633 11
5634 7
5635 12
5636 19
5637 15
5638 15
5639 18
5640 18
5641 23
5642 17
5643 14
5644 17
5645 17
5646 21
5647 18
5648 15
5649 10
5650 20
5651 17
5652 20
5653 22
5654 16
5655 15
5656 14
5657 11
5658 9
5659 19
5660 12
5661 15
5662 12
5663 12
5664 18
5665 19
5666 14
5667 7
5668 12
5669 16
5670 12
5671 18
5672 18
5673 19
5674 10
5675 18
5676 13
5677 19
5678 22
5679 15
5680 19
5681 7
5682 12
5683 17
5684 14
5685 16
5686 14
5687 11
5688 9
5689 17
5690 7
5691 19
5692 15
5693 18
5694 8
5695 18
5696 14
5697 12
5698 13
5699 22
5700 7
5701 19
5702 13
5703 14
5704 17
5705 16
5706 27
5707 13
5708 11
5709 14
5710 11
5711 19
5712 18
5713 16
5714 12
5715 15
5716 13
5717 14
5718 10
5719 9
5720 13
5721 13
5722 18
5723 14
5724 13
5725 12
5726 16
5727 11
5728 12
5729 16
5730 18
5731 15
5732 17
5733 14
5734 10
5735 18
5736 12
5737 11
5738 12
5739 10
5740 16
5741 9
5742 11
5743 12
5744 12
5745 11
5746 11
5747 17
5748 20
5749 15
5750 9
5751 13
5752 11
5753 11
5754 16
5755 17
5756 16
5757 15
5758 16
5759 14
5760 16
5761 14
5762 16
5763 19
5764 16
5765 16
5766 18
5767 11
5768 16
5769 11
5770 15
5771 14
5772 13
5773 12
5774 23
5775 15
5776 14
5777 24
5778 22
5779 23
5780 11
5781 25
5782 14
5783 22
5784 17
5785 10
5786 15
5787 18
5788 14
5789 18
5790 10
5791 5
5792 9
5793 20
5794 13
5795 14
5796 6
5797 9
5798 9
5799 18
5800 13
5801 13
5802 14
5803 18
5804 18
5805 14
5806 18
5807 14
5808 21
5809 21
5810 25
5811 10
5812 16
5813 15
5814 15
5815 10
5816 13
5817 15
5818 16
5819 16
5820 14
5821 17
5822 14
5823 13
5824 11
5825 16
5826 16
5827 18
5828 13
5829 12
5830 11
5831 23
5832 20
5833 14
5834 13
5835 18
5836 16
5837 12
5838 13
5839 20
5840 15
5841 19
5842 11
5843 21
5844 17
5845 14
5846 16
5847 20
5848 15
5849 16
5850 22
5851 19
5852 18
5853 14
5854 15
5855 15
5856 15
5857 15
5858 19
5859 8
5860 20
5861 15
5862 19
5863 11
5864 10
5865 16
5866 12
5867 18
5868 14
5869 19
5870 15
5871 11
5872 20
5873 21
5874 22
5875 14
5876 15
5877 12
5878 10
5879 13
5880 13
5881 16
5882 14
5883 14
5884 9
5885 11
5886 18
5887 15
5888 22
5889 11
5890 16
5891 16
5892 23
5893 20
5894 12
5895 12
5896 16
5897 17
5898 16
5899 16
5900 16
5901 15
5902 24
5903 11
5904 7
5905 14
5906 9
5907 16
5908 14
5909 17
5910 14
5911 20
5912 12
5913 9
5914 10
5915 14
5916 14
5917 12
5918 8
5919 17
5920 10
5921 12
5922 15
5923 14
5924 21
5925 8
5926 19
5927 10
5928 12
5929 16
5930 9
5931 16
5932 17
5933 18
5934 11
5935 8
5936 16
5937 13
5938 21
5939 16
5940 15
5941 17
5942 18
5943 18
5944 10
5945 15
5946 15
5947 5
5948 16
5949 10
5950 11
5951 19
5952 14
5953 20
5954 13
5955 12
5956 15
5957 18
5958 10
5959 19
5960 12
5961 12
5962 22
5963 11
5964 20
5965 16
5966 13
5967 12
5968 16
5969 8
5970 19
5971 17
5972 8
5973 13
5974 15
5975 17
5976 13
5977 11
5978 18
5979 12
5980 12
5981 4
5982 13
5983 14
5984 12
5985 12
5986 5
5987 13
5988 11
5989 14
5990 13
5991 13
5992 11
5993 14
5994 21
5995 19
5996 14
5997 15
5998 10
5999 13
6000 9
6001 14
6002 11
6003 10
6004 15
6005 9
6006 11
6007 13
6008 11
6009 14
6010 17
6011 8
6012 17
6013 10
6014 11
6015 9
6016 13
6017 19
6018 10
6019 20
6020 11
6021 14
6022 17
6023 17
6024 9
6025 14
6026 18
6027 18
6028 18
6029 16
6030 16
6031 7
6032 12
6033 19
6034 16
6035 12
6036 15
6037 20
6038 14
6039 11
6040 9
6041 18
6042 11
6043 6
6044 23
6045 17
6046 14
6047 11
6048 20
6049 13
6050 18
6051 15
6052 9
6053 16
6054 12
6055 8
6056 14
6057 12
6058 9
6059 13
6060 18
6061 11
6062 12
6063 16
6064 13
6065 14
6066 18
6067 15
6068 18
6069 18
6070 18
6071 19
6072 7
6073 15
6074 12
6075 11
6076 20
6077 20
6078 10
6079 10
6080 10
6081 10
6082 12
6083 13
6084 9
6085 9
6086 10
6087 12
6088 9
6089 13
6090 12
6091 18
6092 7
6093 9
6094 21
6095 12
6096 17
6097 5
6098 17
6099 4
6100 12
6101 14
6102 12
6103 17
6104 12
6105 19
6106 10
6107 11
6108 11
6109 17
6110 14
6111 15
6112 12
6113 16
6114 12
6115 9
6116 13
6117 17
6118 17
6119 15
6120 14
6121 12
6122 14
6123 13
6124 16
6125 14
6126 16
6127 15
6128 10
6129 11
6130 11
6131 15
6132 11
6133 10
6134 13
6135 15
6136 19
6137 10
6138 10
6139 17
6140 21
6141 12
6142 14
6143 15
6144 9
6145 19
6146 8
6147 9
6148 12
6149 9
6150 19
6151 14
6152 15
6153 13
6154 15
6155 13
6156 7
6157 14
6158 8
6159 11
6160 17
6161 16
6162 10
6163 10
6164 13
6165 14
6166 9
6167 12
6168 13
6169 15
6170 12
6171 8
6172 23
6173 10
6174 12
6175 6
6176 17
6177 10
6178 20
6179 23
6180 10
6181 13
6182 15
6183 17
6184 10
6185 9
6186 12
6187 11
6188 17
6189 12
6190 12
6191 12
6192 17
6193 10
6194 13
6195 17
6196 17
6197 16
6198 15
6199 10
6200 12
6201 15
6202 15
6203 7
6204 13
6205 21
6206 12
6207 20
6208 11
6209 10
6210 15
6211 16
6212 10
6213 15
6214 13
6215 18
6216 13
6217 12
6218 12
6219 12
6220 17
6221 14
6222 11
6223 13
6224 18
6225 8
6226 17
6227 13
6228 17
6229 16
6230 8
6231 14
6232 18
6233 11
6234 15
6235 17
6236 13
6237 15
6238 13
6239 14
6240 14
6241 16
6242 12
6243 14
6244 17
6245 12
6246 19
6247 16
6248 15
6249 14
6250 25
6251 18
6252 21
6253 11
6254 18
6255 12
6256 13
6257 17
6258 19
6259 14
6260 14
6261 16
6262 20
6263 16
6264 20
6265 12
6266 16
6267 20
6268 14
6269 23
6270 15
6271 19
6272 27
6273 19
6274 16
6275 19
6276 12
6277 14
6278 17
6279 22
6280 25
6281 17
6282 17
6283 13
6284 21
6285 21
6286 13
6287 14
6288 10
6289 21
6290 17
6291 17
6292 14
6293 18
6294 9
6295 18
6296 16
6297 15
6298 14
6299 18
6300 15
6301 13
6302 11
6303 23
6304 18
6305 7
6306 23
6307 15
6308 17
6309 14
6310 15
6311 21
6312 12
6313 15
6314 14
6315 17
6316 17
6317 14
6318 18
6319 19
6320 9
6321 20
6322 25
6323 15
6324 17
6325 12
6326 14
6327 11
6328 21
6329 16
6330 15
6331 25
6332 16
6333 14
6334 23
6335 17
6336 19
6337 17
6338 16
6339 16
6340 12
6341 8
6342 20
6343 11
6344 18
6345 13
6346 18
6347 20
6348 19
6349 19
6350 13
6351 30
6352 15
6353 18
6354 13
6355 18
6356 14
6357 14
6358 19
6359 8
6360 16
6361 9
6362 14
6363 14
6364 12
6365 21
6366 17
6367 10
6368 12
6369 18
6370 17
6371 16
6372 16
6373 14
6374 15
6375 17
6376 11
6377 17
6378 16
6379 15
6380 16
6381 15
6382 18
6383 11
6384 20
6385 15
6386 13
6387 14
6388 14
6389 16
6390 12
6391 17
6392 24
6393 14
6394 14
6395 17
6396 24
6397 12
6398 15
6399 11
6400 26
6401 12
6402 9
6403 14
6404 19
6405 18
6406 12
6407 21
6408 16
6409 16
6410 13
6411 14
6412 13
6413 15
6414 13
6415 14
6416 17
6417 13
6418 18
6419 15
6420 13
6421 15
6422 22
6423 16
6424 12
6425 10
6426 13
6427 19
6428 16
6429 10
6430 25
6431 8
6432 12
6433 16
6434 13
6435 6
6436 14
6437 16
6438 20
6439 16
6440 16
6441 22
6442 18
6443 11
6444 10
6445 11
6446 11
6447 21
6448 19
6449 15
6450 13
6451 15
6452 17
6453 17
6454 17
6455 14
6456 12
6457 16
6458 15
6459 19
6460 16
6461 14
6462 19
6463 12
6464 13
6465 8
6466 15
6467 9
6468 14
6469 17
6470 16
6471 15
6472 9
6473 17
6474 20
6475 23
6476 26
6477 26
6478 18
6479 17
6480 12
6481 15
6482 17
6483 19
6484 18
6485 13
6486 13
6487 17
6488 10
6489 9
6490 18
6491 15
6492 15
6493 15
6494 12
6495 13
6496 10
6497 15
6498 10
6499 9
6500 14
6501 14
6502 12
6503 16
6504 12
6505 16
6506 15
6507 13
6508 15
6509 8
6510 11
6511 17
6512 18
6513 13
6514 14
6515 11
6516 6
6517 15
6518 19
6519 10
6520 16
6521 13
6522 12
6523 11
6524 17
6525 8
6526 10
6527 21
6528 15
6529 14
6530 12
6531 15
6532 10
6533 13
6534 13
6535 15
6536 12
6537 18
6538 13
6539 19
6540 15
6541 10
6542 14
6543 12
6544 14
6545 16
6546 15
6547 13
6548 13
6549 13
6550 15
6551 12
6552 8
6553 9
6554 11
6555 17
6556 9
6557 14
6558 13
6559 12
6560 14
6561 15
6562 11
6563 9
6564 11
6565 13
6566 15
6567 6
6568 10
6569 13
6570 11
6571 13
6572 17
6573 21
6574 14
6575 19
6576 10
6577 10
6578 17
6579 11
6580 18
6581 15
6582 15
6583 22
6584 16
6585 16
6586 14
6587 12
6588 16
6589 8
6590 22
6591 11
6592 12
6593 16
6594 16
6595 16
6596 12
6597 15
6598 12
6599 11
6600 21
6601 10
6602 12
6603 15
6604 15
6605 12
6606 19
6607 13
6608 15
6609 15
6610 9
6611 10
6612 11
6613 10
6614 9
6615 11
6616 11
6617 16
6618 13
6619 11
6620 18
6621 18
6622 13
6623 14
6624 13
6625 20
6626 17
6627 10
6628 16
6629 12
6630 21
6631 12
6632 10
6633 9
6634 13
6635 17
6636 16
6637 12
6638 17
6639 12
6640 16
6641 13
6642 14
6643 15
6644 12
6645 11
6646 12
6647 16
6648 11
6649 10
6650 7
6651 15
6652 13
6653 17
6654 9
6655 16
6656 14
6657 14
6658 11
6659 11
6660 14
6661 17
6662 20
6663 14
6664 16
6665 13
6666 12
6667 10
6668 19
6669 16
6670 8
6671 27
6672 16
6673 8
6674 14
6675 11
6676 14
6677 16
6678 18
6679 13
6680 8
6681 7
6682 19
6683 13
6684 12
6685 9
6686 12
6687 21
6688 12
6689 12
6690 15
6691 15
6692 21
6693 14
6694 16
6695 15
6696 16
6697 16
6698 18
6699 11
6700 9
6701 19
6702 17
6703 10
6704 16
6705 16
6706 16
6707 12
6708 12
6709 12
6710 16
6711 10
6712 11
6713 14
6714 20
6715 24
6716 11
6717 16
6718 25
6719 16
6720 12
6721 15
6722 14
6723 17
6724 20
6725 14
6726 17
6727 12
6728 12
6729 21
6730 22
6731 22
6732 10
6733 16
6734 15
6735 15
6736 12
6737 17
6738 18
6739 16
6740 11
6741 13
6742 17
6743 12
6744 12
6745 15
6746 11
6747 17
6748 14
6749 15
6750 19
6751 12
6752 11
6753 18
6754 9
6755 14
6756 9
6757 12
6758 20
6759 9
6760 19
6761 12
6762 14
6763 13
6764 15
6765 12
6766 7
6767 15
6768 9
6769 11
6770 18
6771 15
6772 13
6773 13
6774 8
6775 14
6776 20
6777 11
6778 13
6779 12
6780 10
6781 14
6782 18
6783 17
6784 13
6785 11
6786 13
6787 13
6788 10
6789 16
6790 8
6791 16
6792 12
6793 16
6794 11
6795 17
6796 14
6797 13
6798 19
6799 11
6800 9
6801 14
6802 13
6803 18
6804 10
6805 12
6806 13
6807 9
6808 16
6809 10
6810 11
6811 6
6812 21
6813 18
6814 22
6815 13
6816 13
6817 14
6818 13
6819 18
6820 19
6821 17
6822 12
6823 8
6824 9
6825 12
6826 11
6827 12
6828 18
6829 10
6830 19
6831 16
6832 15
6833 20
6834 17
6835 19
6836 15
6837 11
6838 15
6839 10
6840 16
6841 14
6842 15
6843 8
6844 12
6845 14
6846 11
6847 18
6848 11
6849 13
6850 22
6851 17
6852 16
6853 16
6854 18
6855 12
6856 14
6857 15
6858 18
6859 10
6860 15
6861 18
6862 10
6863 20
6864 17
6865 9
6866 13
6867 10
6868 15
6869 12
6870 16
6871 11
6872 9
6873 17
6874 18
6875 15
6876 14
6877 18
6878 24
6879 16
6880 17
6881 12
6882 11
6883 19
6884 13
6885 10
6886 12
6887 12
6888 15
6889 14
6890 14
6891 23
6892 9
6893 19
6894 12
6895 10
6896 13
6897 13
6898 15
6899 13
6900 10
6901 15
6902 10
6903 10
6904 16
6905 11
6906 10
6907 13
6908 12
6909 12
6910 12
6911 18
6912 14
6913 18
6914 11
6915 21
6916 10
6917 11
6918 23
6919 15
6920 15
6921 12
6922 14
6923 9
6924 18
6925 15
6926 17
6927 19
6928 17
6929 9
6930 18
6931 15
6932 14
6933 13
6934 15
6935 12
6936 22
6937 19
6938 15
6939 14
6940 15
6941 14
6942 11
6943 14
6944 13
6945 13
6946 14
6947 12
6948 15
6949 11
6950 14
6951 21
6952 17
6953 11
6954 16
6955 14
6956 23
6957 24
6958 18
6959 20
6960 13
6961 20
6962 16
6963 18
6964 19
6965 14
6966 18
6967 18
6968 7
6969 24
6970 18
6971 20
6972 13
6973 13
6974 20
6975 19
6976 18
6977 12
6978 12
6979 11
6980 17
6981 14
6982 13
6983 20
6984 16
6985 15
6986 17
6987 13
6988 19
6989 14
6990 16
6991 17
6992 22
6993 13
6994 20
6995 16
6996 17
6997 19
6998 9
6999 17
7000 11
7001 16
7002 15
7003 20
7004 17
7005 17
7006 18
7007 18
7008 24
7009 13
7010 15
7011 13
7012 19
7013 18
7014 20
7015 17
7016 20
7017 18
7018 9
7019 12
7020 22
7021 15
7022 17
7023 14
7024 23
7025 16
7026 12
7027 23
7028 20
7029 8
7030 14
7031 11
7032 16
7033 12
7034 13
7035 14
7036 10
7037 18
7038 15
7039 8
7040 16
7041 9
7042 11
7043 15
7044 13
7045 15
7046 16
7047 14
7048 12
7049 16
7050 19
7051 22
7052 14
7053 20
7054 16
7055 11
7056 14
7057 17
7058 15
7059 9
7060 17
7061 12
7062 17
7063 13
7064 16
7065 19
7066 17
7067 23
7068 6
7069 16
7070 16
7071 9
7072 14
7073 17
7074 12
7075 11
7076 11
7077 16
7078 16
7079 16
7080 18
7081 16
7082 22
7083 11
7084 16
7085 20
7086 11
7087 16
7088 15
7089 18
7090 19
7091 23
7092 22
7093 21
7094 20
7095 23
7096 15
7097 14
7098 22
7099 16
7100 12
7101 10
7102 11
7103 24
7104 15
7105 24
7106 21
7107 15
7108 14
7109 13
7110 10
7111 9
7112 16
7113 13
7114 18
7115 21
7116 24
7117 11
7118 16
7119 16
7120 9
7121 20
7122 17
7123 15
7124 13
7125 9
7126 11
7127 12
7128 15
7129 17
7130 13
7131 13
7132 13
7133 18
7134 16
7135 20
7136 17
7137 20
7138 21
7139 18
7140 15
7141 21
7142 12
7143 21
7144 10
7145 10
7146 22
7147 19
7148 9
7149 16
7150 12
7151 20
7152 14
7153 15
7154 15
7155 19
7156 17
7157 15
7158 14
7159 16
7160 20
7161 7
7162 23
7163 12
7164 16
7165 19
7166 12
7167 15
7168 19
7169 16
7170 13
7171 20
7172 14
7173 18
7174 14
7175 17
7176 7
7177 14
7178 24
7179 20
7180 20
7181 16
7182 11
7183 16
7184 14
7185 11
7186 18
7187 9
7188 22
7189 17
7190 8
7191 15
7192 22
7193 25
7194 19
7195 14
7196 18
7197 15
7198 19
7199 17
7200 14
7201 12
7202 16
7203 15
7204 28
7205 17
7206 15
7207 24
7208 16
7209 26
7210 13
7211 15
7212 14
7213 20
7214 16
7215 16
7216 21
7217 18
7218 20
7219 15
7220 17
7221 13
7222 17
7223 15
7224 20
7225 14
7226 16
7227 10
7228 20
7229 9
7230 15
7231 20
7232 16
7233 14
7234 16
7235 11
7236 20
7237 19
7238 23
7239 18
7240 14
7241 22
7242 14
7243 21
7244 13
7245 16
7246 8
7247 13
7248 21
7249 15
7250 19
7251 19
7252 16
7253 19
7254 17
7255 18
7256 12
7257 20
7258 11
7259 18
7260 11
7261 16
7262 15
7263 19
7264 18
7265 18
7266 7
7267 23
7268 21
7269 15
7270 22
7271 15
7272 17
7273 20
7274 22
7275 17
7276 16
7277 12
7278 10
7279 21
7280 12
7281 10
7282 15
7283 18
7284 17
7285 21
7286 14
7287 17
7288 16
7289 9
7290 12
7291 16
7292 17
7293 20
7294 22
7295 18
7296 23
7297 24
7298 9
7299 20
7300 19
7301 10
7302 17
7303 17
7304 20
7305 14
7306 16
7307 19
7308 15
7309 15
7310 18
7311 14
7312 10
7313 13
7314 17
7315 14
7316 23
7317 26
7318 16
7319 16
7320 18
7321 14
7322 17
7323 14
7324 22
7325 17
7326 10
7327 18
7328 12
7329 16
7330 15
7331 16
7332 12
7333 16
7334 21
7335 19
7336 20
7337 15
7338 25
7339 12
7340 20
7341 17
7342 19
7343 24
7344 12
7345 10
7346 18
7347 9
7348 21
7349 22
7350 21
7351 20
7352 16
7353 23
7354 15
7355 12
7356 11
7357 16
7358 16
7359 12
7360 14
7361 19
7362 12
7363 11
7364 8
7365 13
7366 16
7367 22
7368 11
7369 18
7370 12
7371 11
7372 14
7373 14
7374 13
7375 20
7376 12
7377 17
7378 18
7379 11
7380 19
7381 16
7382 15
7383 18
7384 11
7385 16
7386 15
7387 17
7388 7
7389 16
7390 14
7391 16
7392 20
7393 23
7394 15
7395 14
7396 23
7397 11
7398 15
7399 13
7400 19
7401 15
7402 20
7403 19
7404 13
7405 21
7406 11
7407 20
7408 13
7409 14
7410 19
7411 14
7412 26
7413 12
7414 16
7415 18
7416 12
7417 11
7418 15
7419 21
7420 16
7421 17
7422 17
7423 21
7424 16
7425 15
7426 11
7427 15
7428 13
7429 19
7430 8
7431 19
7432 11
7433 11
7434 11
7435 21
7436 22
7437 17
7438 23
7439 20
7440 12
7441 16
7442 20
7443 16
7444 17
7445 16
7446 20
7447 16
7448 19
7449 22
7450 18
7451 18
7452 23
7453 19
7454 11
7455 18
7456 13
7457 10
7458 18
7459 22
7460 23
7461 15
7462 14
7463 19
7464 23
7465 14
7466 9
7467 21
7468 14
7469 16
7470 14
7471 14
7472 20
7473 19
7474 24
7475 17
7476 12
7477 19
7478 20
7479 19
7480 19
7481 27
7482 23
7483 19
7484 15
7485 16
7486 15
7487 17
7488 22
7489 20
7490 16
7491 20
7492 25
7493 24
7494 16
7495 27
7496 13
7497 27
7498 27
7499 20
7500 27
7501 20
7502 12
7503 18
7504 21
7505 18
7506 24
7507 25
7508 23
7509 15
7510 18
7511 20
7512 32
7513 19
7514 19
7515 11
7516 20
7517 22
7518 21
7519 18
7520 19
7521 18
7522 9
7523 23
7524 20
7525 17
7526 22
7527 15
7528 21
7529 18
7530 13
7531 18
7532 17
7533 16
7534 17
7535 27
7536 14
7537 28
7538 21
7539 22
7540 16
7541 24
7542 20
7543 28
7544 21
7545 28
7546 33
7547 15
7548 22
7549 19
7550 19
7551 20
7552 19
7553 30
7554 23
7555 37
7556 26
7557 10
7558 21
7559 16
7560 29
7561 19
7562 22
7563 14
7564 25
7565 27
7566 28
7567 17
7568 24
7569 21
7570 26
7571 22
7572 16
7573 19
7574 23
7575 25
7576 25
7577 19
7578 20
7579 30
7580 22
7581 22
7582 16
7583 11
7584 15
7585 15
7586 31
7587 19
7588 17
7589 31
7590 23
7591 26
7592 18
7593 20
7594 27
7595 13
7596 24
7597 25
7598 14
7599 25
7600 22
7601 22
7602 16
7603 17
7604 20
7605 26
7606 14
7607 27
7608 20
7609 17
7610 25
7611 19
7612 16
7613 18
7614 20
7615 28
7616 14
7617 25
7618 25
7619 32
7620 19
7621 24
7622 24
7623 31
7624 16
7625 20
7626 34
7627 30
7628 25
7629 25
7630 28
7631 21
7632 19
7633 24
7634 21
7635 28
7636 33
7637 20
7638 30
7639 25
7640 24
7641 29
7642 32
7643 28
7644 26
7645 15
7646 23
7647 17
7648 25
7649 31
7650 23
7651 29
7652 19
7653 17
7654 35
7655 15
7656 37
7657 34
7658 21
7659 24
7660 23
7661 25
7662 27
7663 24
7664 24
7665 40
7666 32
7667 33
7668 21
7669 21
7670 38
7671 24
7672 37
7673 32
7674 29
7675 27
7676 23
7677 17
7678 25
7679 31
7680 25
7681 27
7682 25
7683 24
7684 28
7685 33
7686 25
7687 26
7688 29
7689 31
7690 30
7691 33
7692 15
7693 28
7694 27
7695 35
7696 36
7697 20
7698 27
7699 34
7700 26
7701 28
7702 27
7703 33
7704 34
7705 25
7706 21
7707 32
7708 28
7709 31
7710 38
7711 37
7712 33
7713 24
7714 33
7715 21
7716 24
7717 30
7718 21
7719 35
7720 26
7721 44
7722 38
7723 39
7724 30
7725 39
7726 25
7727 40
7728 31
7729 33
7730 26
7731 24
7732 39
7733 28
7734 46
7735 27
7736 38
7737 28
7738 36
7739 26
7740 41
7741 35
7742 33
7743 41
7744 36
7745 30
7746 38
7747 31
7748 54
7749 33
7750 33
7751 26
7752 36
7753 37
7754 45
7755 27
7756 32
7757 45
7758 50
7759 42
7760 32
7761 38
7762 37
7763 47
7764 44
7765 49
7766 30
7767 20
7768 39
7769 36
7770 38
7771 37
7772 46
7773 45
7774 54
7775 44
7776 44
7777 32
7778 43
7779 47
7780 57
7781 53
7782 40
7783 55
7784 51
7785 57
7786 51
7787 46
7788 44
7789 46
7790 53
7791 49
7792 39
7793 50
7794 59
7795 56
7796 55
7797 59
7798 49
7799 44
7800 53
7801 56
7802 51
7803 57
7804 59
7805 49
7806 59
7807 64
7808 61
7809 69
7810 58
7811 75
7812 55
7813 75
7814 60
7815 65
7816 76
7817 69
7818 51
7819 86
7820 68
7821 70
7822 61
7823 73
7824 68
7825 78
7826 81
7827 70
7828 66
7829 93
7830 76
7831 75
7832 93
7833 114
7834 103
7835 87
7836 81
7837 83
7838 110
7839 89
7840 84
7841 88
7842 110
7843 103
7844 111
7845 113
7846 110
7847 112
7848 119
7849 118
7850 105
7851 121
7852 115
7853 121
7854 128
7855 126
7856 117
7857 137
7858 113
7859 158
7860 137
7861 137
7862 155
7863 159
7864 163
7865 179
7866 191
7867 185
7868 175
7869 171
7870 188
7871 221
7872 195
7873 189
7874 219
7875 198
7876 193
7877 254
7878 217
7879 233
7880 220
7881 225
7882 244
7883 237
7884 246
7885 257
7886 232
7887 274
7888 268
7889 278
7890 268
7891 270
7892 258
7893 288
7894 289
7895 281
7896 329
7897 317
7898 320
7899 291
7900 310
7901 332
7902 309
7903 308
7904 286
7905 305
7906 305
7907 301
7908 318
7909 299
7910 338
7911 250
7912 329
7913 292
7914 288
7915 322
7916 295
7917 286
7918 274
7919 277
7920 261
7921 251
7922 262
7923 282
7924 258
7925 224
7926 238
7927 216
7928 211
7929 243
7930 210
7931 222
7932 213
7933 243
7934 198
7935 191
7936 190
7937 215
7938 208
7939 171
7940 156
7941 198
7942 185
7943 179
7944 174
7945 174
7946 182
7947 202
7948 181
7949 187
7950 196
7951 184
7952 230
7953 193
7954 196
7955 184
7956 224
7957 209
7958 207
7959 239
7960 214
7961 240
7962 236
7963 237
7964 241
7965 262
7966 232
7967 269
7968 254
7969 268
7970 283
7971 306
7972 314
7973 340
7974 328
7975 350
7976 376
7977 406
7978 437
7979 422
7980 442
7981 468
7982 456
7983 506
7984 512
7985 534
7986 533
7987 577
7988 583
7989 587
7990 582
7991 605
7992 599
7993 590
7994 603
7995 597
7996 519
7997 483
7998 385
7999 302
8000 191
8001 137
8002 149
8003 113
8004 123
8005 109
8006 81
8007 86
8008 80
8009 73
8010 50
8011 59
8012 45
8013 58
8014 49
8015 36
8016 24
8017 36
8018 21
8019 18
8020 33
8021 15
8022 19
8023 20
8024 10
8025 15
8026 8
8027 9
8028 7
8029 3
8032 1
8033 1
8035 3
8037 1
8039 1
